100032540_1.jpg
556 543 1091 1076
100040721_1.jpg
255 229 468 435
100040721_2.jpg
215 217 426 427
1002681492_1.jpg
306 191 687 522
1004467229_1.jpg
204 79 374 264
100466187_1.jpg
406 451 961 925
100591971_1.jpg
196 360 556 759
100843687_1.jpg
196 354 522 673
1010057391_1.jpg
208 285 666 750
1012675629_1.jpg
424 293 856 727
1012675629_2.jpg
364 382 743 705
1018882799_1.jpg
904 948 1868 1831
1019068877_1.jpg
658 510 1173 1105
1021890651_1.jpg
796 233 1919 1265
1030333538_1.jpg
310 67 657 435
103236168_1.jpg
353 376 741 738
103236168_2.jpg
400 263 748 562
1033312112_1.jpg
477 557 1055 1112
1033312288_1.jpg
698 705 1392 1382
1037255513_1.jpg
373 540 2324 2000
103770709_1.jpg
249 44 640 480
103887554_1.jpg
381 881 1459 1998
10405146_1.jpg
94 556 986 1374
10405299_1.jpg
476 555 1027 1090
10405424_1.jpg
376 405 1055 1039
10406776_1.jpg
559 290 1296 1032
10407038_1.jpg
1 396 991 1269
104074861_1.jpg
466 309 997 773
1045887134_1.jpg
152 304 612 703
1045890692_1.jpg
134 420 578 799
1050957686_1.jpg
330 318 628 640
1050957686_2.jpg
277 292 563 553
105300174_1.jpg
252 342 742 857
105300174_2.jpg
443 411 912 850
105455387_1.jpg
374 559 1211 1243
105538305_1.jpg
253 273 768 706
106242334_1.jpg
185 328 511 615
106326063_1.jpg
627 599 1294 1267
106348540_1.jpg
246 168 739 620
106393487_1.jpg
1258 614 2533 1860
1063957157_1.jpg
133 18 711 539
10697993_1.jpg
281 410 755 891
1070861406_1.jpg
404 413 819 819
107288942_1.jpg
271 469 957 1107
107473045_1.jpg
1 198 1887 2730
107635070_1.jpg
19 160 435 487
1079156334_1.jpg
349 461 903 969
108349477_1.jpg
615 484 1259 1022
1084919955_1.jpg
25 139 568 650
109172267_1.jpg
400 420 805 814
109209934_1.jpg
176 597 954 1417
1092587063_1.jpg
318 311 601 608
110520830_5.jpg
43 205 210 385
110520830_6.jpg
195 51 338 222
110592002_1.jpg
1308 696 2384 1931
110886318_1.jpg
192 135 477 433
110890106_1.jpg
342 391 723 722
1110051647_1.jpg
448 438 864 862
1110051647_2.jpg
363 354 716 706
1111575413_1.jpg
189 184 379 368
111168419_1.jpg
69 26 363 304
1112052992_1.jpg
405 277 816 688
111247636_1.jpg
315 267 673 635
111287440_1.jpg
211 155 422 364
111510095_1.jpg
90 197 336 411
1115234911_1.jpg
530 346 1160 815
111714273_1.jpg
75 180 597 667
111835766_1.jpg
99 213 306 403
111836119_1.jpg
213 215 417 414
112117768_1.jpg
247 410 745 878
1124465440_1.jpg
457 430 832 838
1125456779_1.jpg
342 286 660 603
112655203_1.jpg
752 426 1370 1129
1128654081_1.jpg
316 160 738 542
1129801707_1.jpg
126 96 682 683
11329920_1.jpg
633 391 1275 954
1142136696_1.jpg
195 207 403 394
114226877_1.jpg
564 425 1078 969
1144216773_1.jpg
520 374 1028 908
114487865_1.jpg
914 1011 1859 1784
114501272_1.jpg
1148 1167 2274 2345
114530171_1.jpg
277 315 600 621
1150779944_1.jpg
568 494 1153 1012
1156177278_1.jpg
326 379 1447 1365
11564757_1.jpg
7 82 279 367
11564757_2.jpg
281 71 548 351
115774957_1.jpg
148 220 481 532
1160859039_1.jpg
268 373 602 763
1163855977_1.jpg
819 861 1720 1654
1165647416_1.jpg
214 190 549 474
1166270350_1.jpg
260 299 560 563
1167462532_1.jpg
214 183 542 520
117402372_1.jpg
266 269 638 636
117518507_1.jpg
918 618 2239 1754
117634057_1.jpg
309 251 780 627
117932364_1.jpg
325 338 851 891
1181568002_1.jpg
1229 782 2295 1954
118471529_1.jpg
233 57 556 415
118554337_1.jpg
269 1274 1636 2636
118736691_1.jpg
529 342 1330 1141
118736733_1.jpg
289 111 684 559
118736733_2.jpg
290 399 696 771
118736828_1.jpg
491 448 916 888
118737215_1.jpg
712 238 1393 947
1188369899_1.jpg
323 85 829 670
118929551_1.jpg
646 624 1514 1339
1195037433_1.jpg
213 130 542 444
1198061571_1.jpg
867 817 1955 1933
1199742157_1.jpg
439 339 856 701
1207566864_1.jpg
283 132 684 534
1207662328_2.jpg
325 326 653 648
120801881_1.jpg
239 235 541 525
1208068331_1.jpg
452 118 1770 1654
121204156_1.jpg
57 245 416 642
1212934783_1.jpg
1010 734 1931 1706
121442928_1.jpg
245 322 603 663
121720434_1.jpg
334 173 612 478
1218567979_2.jpg
343 346 681 676
1218567979_3.jpg
353 265 702 573
1220825867_1.jpg
509 242 1023 746
122276700_1.jpg
311 226 620 519
1223190031_1.jpg
409 227 827 575
1224500832_1.jpg
244 634 2336 3236
1227072121_1.jpg
293 351 784 848
122942927_1.jpg
274 159 564 437
1233476865_1.jpg
559 867 1952 2228
1234292822_1.jpg
683 1004 2020 2125
1238081332_1.jpg
322 272 653 565
1238488784_1.jpg
537 591 1085 1163
1240101737_1.jpg
975 827 1895 1716
1240746154_1.jpg
59 104 321 375
1242475639_1.jpg
3 144 502 678
12425820_1.jpg
282 265 558 548
124399360_1.jpg
410 443 825 822
124787194_1.jpg
346 372 738 734
1252885598_1.jpg
210 834 1074 1668
1259817140_1.jpg
753 744 1472 1476
126229661_1.jpg
653 391 1403 1059
1263447841_1.jpg
233 460 801 1051
1265948983_1.jpg
249 275 594 624
1265969136_1.jpg
241 177 594 512
1266283652_1.jpg
486 440 919 907
1266283652_2.jpg
387 391 767 770
126968967_1.jpg
575 740 1453 1610
1269816217_1.jpg
297 287 566 569
1269874180_1.jpg
1372 387 2636 1778
1270609209_1.jpg
278 259 596 555
1270798682_2.jpg
290 294 589 572
1271089376_1.jpg
389 432 848 844
1271089376_2.jpg
448 433 838 854
127567332_1.jpg
146 224 506 553
127627778_1.jpg
88 227 375 480
1279298224_1.jpg
646 473 1419 1222
12799337_1.jpg
424 273 1151 1015
1281789661_1.jpg
559 438 1136 946
128244378_1.jpg
773 687 1605 1429
1290921548_1.jpg
539 529 1060 1056
129408727_1.jpg
362 378 750 754
129594949_1.jpg
45 338 512 853
129647068_1.jpg
57 313 960 1280
1297446285_1.jpg
117 276 1515 1327
1302175180_1.jpg
253 414 731 828
130361594_1.jpg
456 463 914 908
130625688_1.jpg
331 205 657 544
1308054912_1.jpg
317 279 684 628
1308649036_1.jpg
230 270 628 644
130893906_1.jpg
385 18 955 528
130927718_1.jpg
425 407 807 814
1312213009_1.jpg
380 374 734 741
1313109242_1.jpg
498 503 1000 1001
131437823_1.jpg
26 12 444 378
131787989_1.jpg
128 331 492 688
131853693_1.jpg
527 562 1051 996
1327964792_1.jpg
944 599 2395 1891
1328530642_1.jpg
603 1008 1524 1967
133275383_1.jpg
500 314 1517 1338
133275413_1.jpg
542 534 1068 1074
1336365736_1.jpg
28 269 471 753
1342606231_1.jpg
863 712 2455 2248
1344304961_1.jpg
417 318 835 722
1344739819_1.jpg
343 338 679 669
134979550_1.jpg
286 281 643 637
135246139_1.jpg
653 550 1320 1191
1353029373_1.jpg
340 338 675 673
1353452443_1.jpg
570 1145 1722 2256
1356888436_1.jpg
142 131 501 536
1356962652_1.jpg
288 264 595 537
1357085028_1.jpg
737 532 1350 1203
13601258_1.jpg
325 278 791 764
13601448_1.jpg
312 292 762 787
13601661_1.jpg
415 318 814 722
13602254_1.jpg
311 398 768 857
13653802_1.jpg
419 129 798 513
137346980_1.jpg
445 181 873 615
1375169218_1.jpg
267 66 572 359
1377746898_1.jpg
230 307 665 731
13789611_1.jpg
495 457 879 907
1379651992_1.jpg
941 1044 2081 2298
1382054700_1.jpg
181 110 539 471
1384775111_1.jpg
353 331 816 770
1385689774_1.jpg
83 335 578 766
1392458475_1.jpg
594 616 1215 1201
1394430375_1.jpg
448 486 919 892
13970241_1.jpg
348 236 652 561
1399115619_1.jpg
316 418 810 883
1402640447_1.jpg
142 333 593 782
1404106170_1.jpg
2 253 523 733
1404860998_1.jpg
102 360 440 617
1405372343_1.jpg
400 272 862 681
140606432_1.jpg
128 182 450 529
1407641926_1.jpg
1046 437 2197 1618
1408008592_1.jpg
79 481 1124 1580
1408606093_1.jpg
215 483 705 952
1409035501_1.jpg
130 726 919 1406
1409035501_2.jpg
791 550 1513 1311
1411496009_1.jpg
219 230 789 768
1412970826_1.jpg
215 391 708 808
1413333405_1.jpg
325 454 817 892
1414607508_1.jpg
752 808 1541 1517
141794264_1.jpg
473 348 870 788
1418178512_1.jpg
112 181 553 570
1418180068_1.jpg
168 227 503 528
1418181204_1.jpg
149 167 475 501
1419222657_1.jpg
286 364 968 930
1419583212_1.jpg
470 495 936 907
1420413841_1.jpg
273 424 673 832
1420413841_2.jpg
296 311 601 607
1421150832_1.jpg
536 291 1597 1201
1422581646_1.jpg
549 709 1281 1309
1422700214_1.jpg
168 1206 2034 2875
1425317189_1.jpg
351 590 941 1122
1425321029_1.jpg
246 431 742 888
1425648903_1.jpg
388 383 768 764
1425648903_2.jpg
308 306 608 611
1426539072_1.jpg
403 395 774 784
1426539072_2.jpg
344 343 668 681
1426553012_1.jpg
328 321 654 643
142661608_1.jpg
376 255 716 614
1427742925_1.jpg
311 1149 2689 3546
1429029478_1.jpg
446 590 1072 1178
1429860583_1.jpg
293 173 570 455
1430618662_1.jpg
143 234 449 540
143196796_1.jpg
533 473 1072 964
1434217156_1.jpg
1027 717 2149 1867
143588896_1.jpg
713 609 2038 2000
1436253170_1.jpg
715 703 1387 1375
1437632861_1.jpg
448 473 1070 1125
143950153_1.jpg
179 340 1137 1475
1439641049_1.jpg
610 616 1221 1204
14403172_1.jpg
528 493 986 988
1440499238_1.jpg
622 672 1275 1307
1440500396_1.jpg
406 410 777 782
1440501186_1.jpg
320 313 612 610
1440954129_1.jpg
147 302 547 709
1440954875_1.jpg
136 198 640 672
1443377029_1.jpg
534 543 1072 1074
144402621_1.jpg
297 329 637 645
1447083015_1.jpg
457 451 875 877
1447762196_1.jpg
390 209 723 571
144837725_1.jpg
261 276 537 529
145548320_1.jpg
575 448 2352 2259
1455826575_1.jpg
380 222 770 599
1458242965_1.jpg
410 394 781 786
1458971524_1.jpg
391 387 774 763
1459110420_1.jpg
377 382 750 753
1461557880_1.jpg
561 483 1208 1160
146623854_1.jpg
316 293 681 714
1466887621_1.jpg
513 510 994 977
1467878637_1.jpg
287 243 901 810
146827737_1.jpg
137 286 440 577
1468798538_1.jpg
704 763 1468 1440
146978430_1.jpg
103 225 392 549
146978430_2.jpg
355 332 624 662
1470006576_1.jpg
592 614 1198 1193
147110327_1.jpg
1145 571 2309 1811
1471928356_1.jpg
205 184 485 478
147226455_1.jpg
518 548 1045 1045
1477005205_1.jpg
485 462 1121 1145
148348993_1.jpg
729 455 1916 1750
148351850_1.jpg
507 510 1017 1015
149162488_1.jpg
333 360 676 644
149773224_1.jpg
454 460 1770 1918
1499030378_1.jpg
255 176 670 540
15024375_1.jpg
183 55 1263 1026
150324675_1.jpg
39 290 343 594
1504594019_1.jpg
548 762 1408 1647
150557677_1.jpg
48 403 547 846
150766294_1.jpg
494 467 1233 1320
150766294_2.jpg
729 740 1433 1455
1507775914_1.jpg
266 241 770 763
1515641689_1.jpg
359 348 703 697
1515641689_2.jpg
260 329 583 640
1515681113_1.jpg
212 258 540 577
1517093691_1.jpg
114 407 521 790
151902153_1.jpg
1045 880 2108 1884
151905797_1.jpg
927 866 2413 2304
151906456_1.jpg
1009 751 2780 2304
1522875567_1.jpg
156 296 507 623
1525046335_1.jpg
1046 772 2150 1890
1525918600_1.jpg
1718 933 3287 2720
1527094652_1.jpg
336 337 653 651
1528184869_1.jpg
415 34 1713 1359
1529613122_1.jpg
301 394 705 775
153057847_1.jpg
66 225 377 538
1537303575_1.jpg
257 281 546 558
1541108261_1.jpg
147 329 731 882
1543376624_1.jpg
645 901 1604 1828
15451707_1.jpg
211 367 588 723
154598717_1.jpg
71 102 530 529
154598718_1.jpg
93 42 442 343
155093594_1.jpg
265 299 571 536
155271502_1.jpg
309 189 789 770
1553164891_1.jpg
184 510 734 1064
155338254_1.jpg
77 239 391 536
155393981_1.jpg
814 371 2701 2094
1557684070_1.jpg
684 664 1289 1257
1563845683_1.jpg
487 498 976 971
1563845683_2.jpg
443 464 894 859
1571181976_1.jpg
837 881 1695 1649
1571340973_1.jpg
367 74 842 558
158249995_1.jpg
166 175 424 477
1586174785_1.jpg
485 957 1725 2269
1589999087_1.jpg
266 411 681 846
1593252454_1.jpg
522 263 1051 764
1599258772_1.jpg
40 107 330 343
160529391_1.jpg
384 546 1203 1302
160565613_2.jpg
324 567 845 1125
1613734064_1.jpg
106 73 486 427
161795809_1.jpg
406 275 748 655
161868885_1.jpg
8 21 484 480
1620560362_1.jpg
792 559 1934 1704
1629243_1.jpg
155 282 428 553
163480244_1.jpg
130 1328 1875 2803
16422719_1.jpg
262 296 539 635
164260909_1.jpg
68 296 450 664
164403300_1.jpg
304 118 1019 762
164866565_1.jpg
408 414 812 806
16542667_1.jpg
105 400 529 840
16547388_1.jpg
101 489 559 964
1657179414_1.jpg
83 312 388 611
1657180938_1.jpg
34 202 465 601
1657180938_2.jpg
443 442 908 859
166033328_1.jpg
292 233 586 525
166874039_1.jpg
303 795 1186 1668
166874696_1.jpg
538 545 1059 1079
1673608778_1.jpg
1041 564 3031 2238
167604947_1.jpg
121 357 484 655
167629013_1.jpg
304 147 721 552
167671232_1.jpg
64 169 599 786
167671301_1.jpg
88 171 593 755
167671345_1.jpg
70 209 563 733
168907806_1.jpg
3 112 1942 2514
1689766277_1.jpg
314 493 823 947
1691280456_1.jpg
470 466 939 921
1691766_1.jpg
99 264 365 496
169346774_1.jpg
72 241 501 691
169346774_2.jpg
550 506 978 1010
169598954_1.jpg
253 169 849 726
1698375922_1.jpg
855 993 1817 1857
1700687106_1.jpg
364 372 777 724
170508172_1.jpg
8 884 1363 2146
170803072_1.jpg
480 462 895 888
1710672384_1.jpg
308 281 735 745
171198578_1.jpg
409 77 819 481
171198578_2.jpg
131 263 532 621
171907511_1.jpg
170 314 506 646
171907511_2.jpg
365 237 730 601
17192052_1.jpg
345 370 897 808
172183000_1.jpg
594 872 1375 1788
172375929_1.jpg
321 257 676 588
172972325_1.jpg
491 525 1009 972
173153701_2.jpg
176 326 480 647
173153769_1.jpg
308 306 571 591
173153923_2.jpg
230 213 419 423
17349955_1.jpg
408 372 710 689
173744986_1.jpg
113 305 480 635
173744986_2.jpg
350 372 716 691
173808384_1.jpg
312 333 644 657
173808384_2.jpg
297 306 585 601
17464842_1.jpg
1056 424 1970 1382
1752922795_1.jpg
304 359 960 929
1753022691_1.jpg
299 398 735 776
1753768714_1.jpg
164 539 799 1120
1753941007_1.jpg
278 290 622 663
1757432712_1.jpg
292 330 592 645
175991309_2.jpg
385 356 685 707
178046512_1.jpg
435 1008 1888 2550
178428696_1.jpg
345 341 662 673
1784763527_1.jpg
483 445 981 878
1793202210_1.jpg
204 155 455 399
179820698_1.jpg
413 780 1660 2092
1799534916_1.jpg
102 413 688 996
1800576628_1.jpg
279 509 748 1037
1801024299_1.jpg
462 426 901 879
1801024299_2.jpg
511 533 995 974
1801024299_3.jpg
385 406 805 797
180986261_1.jpg
264 241 756 625
1809894544_2.jpg
356 367 729 733
1812732159_1.jpg
60 346 445 703
181707205_1.jpg
1345 1092 2840 2469
181839385_1.jpg
178 244 1089 1161
182573594_1.jpg
264 359 610 615
182804431_1.jpg
353 128 697 465
183204955_1.jpg
92 236 417 597
1843394852_1.jpg
287 244 562 524
1844911065_1.jpg
307 287 600 592
1844926255_1.jpg
331 341 673 656
1844930191_1.jpg
334 312 652 635
1845765682_1.jpg
402 391 767 779
18467619_1.jpg
520 169 1259 851
18467629_1.jpg
310 146 1024 802
185377791_1.jpg
166 459 720 874
185577937_1.jpg
560 605 1130 1092
1860419055_1.jpg
691 680 1959 1922
1861774022_1.jpg
403 391 863 866
1861796452_1.jpg
356 474 888 988
186403955_1.jpg
673 602 1346 1269
1868687324_1.jpg
391 390 790 797
1878818683_1.jpg
358 344 689 698
188293705_1.jpg
513 477 926 960
1887411993_1.jpg
137 428 633 895
1895136013_1.jpg
580 825 1479 1728
190546275_1.jpg
321 126 700 478
190620212_1.jpg
269 300 591 573
1908146310_1.jpg
86 158 404 444
1909003307_1.jpg
409 367 860 783
191895648_1.jpg
166 156 523 505
192804444_1.jpg
238 127 994 827
193929298_1.jpg
414 1137 1643 2230
194136419_1.jpg
23 468 428 858
194574878_1.jpg
776 1051 1796 2032
194833666_1.jpg
286 318 604 589
1954949800_1.jpg
576 550 1073 1085
196066281_1.jpg
284 431 692 817
1961032923_1.jpg
415 550 1998 2321
19618587_1.jpg
206 294 495 582
1962410129_1.jpg
19 2115 2609 4152
1962577879_1.jpg
329 323 635 630
1982207444_1.jpg
408 397 799 792
198386414_1.jpg
466 144 1447 1066
1987283210_1.jpg
138 384 509 733
1987287630_1.jpg
49 345 428 699
199718034_1.jpg
126 354 490 706
200506188_1.jpg
202 358 562 683
2005566839_1.jpg
385 375 755 749
2005566839_2.jpg
388 385 772 760
2005566839_3.jpg
281 285 566 557
200748267_1.jpg
706 462 1348 1137
2008481784_1.jpg
35 62 430 430
2010631499_1.jpg
341 250 722 595
201678202_1.jpg
195 318 639 644
201752783_1.jpg
188 260 549 597
2024017324_1.jpg
936 647 1673 1501
202516196_1.jpg
372 350 700 693
20301003_1.jpg
826 25 1720 970
2030224419_1.jpg
275 239 967 1068
20315024_1.jpg
484 479 952 941
20315024_2.jpg
441 428 838 851
203328057_1.jpg
48 327 871 1069
2036310656_1.jpg
138 113 771 608
2038888040_1.jpg
213 875 1213 1821
2041377546_1.jpg
121 255 680 800
2042747277_1.jpg
231 245 583 574
2044659361_1.jpg
10 2 744 703
2044777702_1.jpg
465 467 919 926
2044777702_2.jpg
387 358 690 706
2045370744_1.jpg
658 695 1343 1381
2045370744_3.jpg
800 792 1555 1526
2047351146_1.jpg
319 229 610 527
2048930268_1.jpg
1009 1017 2123 2262
2054916149_1.jpg
5 683 795 1536
2056280349_1.jpg
329 337 687 652
2056886445_1.jpg
452 198 918 616
2057113858_1.jpg
328 227 748 633
2057777633_1.jpg
149 745 1284 1588
2057899604_1.jpg
204 201 397 402
205848147_1.jpg
623 150 1696 1402
2058725932_1.jpg
1100 400 2810 2110
2061605575_1.jpg
377 389 771 757
2061993362_1.jpg
1106 1192 2388 2553
2062420464_1.jpg
454 192 928 594
206273130_1.jpg
80 232 415 557
206283602_2.jpg
492 475 903 933
206413799_1.jpg
427 315 713 676
206448817_1.jpg
371 212 753 569
2064537523_1.jpg
738 544 1803 1576
2064711146_1.jpg
92 162 464 480
2065218949_1.jpg
208 491 667 923
2065219235_1.jpg
254 507 667 1000
2066231667_1.jpg
62 264 326 517
2066420581_1.jpg
390 393 787 783
2067453390_1.jpg
96 275 416 565
206905865_1.jpg
339 218 956 819
206906451_1.jpg
70 191 1417 1367
206907073_1.jpg
574 399 1299 1082
206907279_1.jpg
306 353 934 994
2070105355_1.jpg
457 455 899 911
2070105355_2.jpg
410 409 816 820
2070105355_3.jpg
416 407 802 798
2070105355_4.jpg
447 446 877 883
2070105355_5.jpg
406 400 785 794
2070484849_1.jpg
256 137 607 477
2070634156_1.jpg
333 256 696 614
2071191303_1.jpg
104 341 505 776
2071191303_2.jpg
449 315 889 751
2072336994_1.jpg
89 129 434 433
2073353251_1.jpg
271 199 559 471
2075932440_1.jpg
66 233 584 648
2076194857_1.jpg
377 329 762 679
2076592686_1.jpg
1419 590 2776 1965
2076592686_2.jpg
397 620 1442 1727
2076592686_3.jpg
934 1039 1921 1803
2078249976_1.jpg
267 241 757 645
2078419146_1.jpg
406 211 832 629
2081258704_1.jpg
389 404 817 772
2081777014_1.jpg
679 393 1441 1108
2081778308_1.jpg
300 579 1011 1301
2082180458_1.jpg
325 1 788 504
2082267415_2.jpg
570 547 1119 1078
2082267415_3.jpg
564 550 1109 1075
2082655557_2.jpg
277 245 538 508
2083040467_1.jpg
201 272 578 646
2083053412_1.jpg
812 449 1579 1237
2083979194_1.jpg
798 805 1596 1557
2084520102_1.jpg
330 105 627 414
2085165542_1.jpg
143 195 519 491
2086429604_1.jpg
436 397 956 858
208796082_1.jpg
466 492 999 1098
2088010176_2.jpg
329 310 677 641
2088010176_3.jpg
397 237 676 592
2088941067_1.jpg
352 260 687 589
2091094311_1.jpg
53 1321 2483 3419
2091167603_1.jpg
136 288 424 575
2091300387_1.jpg
290 242 620 498
2091477588_1.jpg
409 479 890 909
2091682510_1.jpg
162 504 661 970
2091918525_1.jpg
145 218 393 490
2091990193_1.jpg
566 362 1098 898
2092281650_1.jpg
132 381 511 758
2093465867_1.jpg
322 335 656 633
2093746851_1.jpg
614 574 1187 1209
2093747255_1.jpg
439 446 878 874
2094505527_1.jpg
410 119 826 503
2096196849_1.jpg
615 789 1718 1786
2096500784_1.jpg
876 656 1708 1489
2097991401_1.jpg
470 474 924 933
2097991401_2.jpg
259 450 694 891
2097991401_3.jpg
278 412 662 827
209833308_1.jpg
332 449 852 993
2098713580_1.jpg
570 552 1059 1085
2098713580_2.jpg
426 335 938 745
2099071245_1.jpg
232 541 1951 2284
2099071761_1.jpg
181 20 2397 2259
2099073485_1.jpg
1036 507 2469 1960
2099144186_1.jpg
223 217 492 500
2100602343_1.jpg
827 591 1588 1398
2100608030_1.jpg
578 559 1360 1351
2100608030_2.jpg
627 556 1280 1193
2101754919_1.jpg
868 680 1650 1506
2102099439_1.jpg
420 398 825 786
2102458056_1.jpg
202 318 587 666
2103921848_1.jpg
355 367 707 713
210422851_1.jpg
505 521 1001 1026
2104329024_1.jpg
425 164 2548 1992
2104338762_1.jpg
271 479 841 1048
2104726907_1.jpg
49 179 613 759
2104855895_1.jpg
336 324 651 659
2106008703_1.jpg
605 389 1237 1005
2106011059_1.jpg
673 386 1391 1075
2106789492_1.jpg
529 173 1022 683
2106937488_1.jpg
284 67 611 366
2108298351_1.jpg
326 322 620 618
2108725174_1.jpg
118 451 965 1142
2109187532_1.jpg
421 383 887 829
2109755281_3.jpg
947 758 1843 1687
2109755281_4.jpg
986 770 1893 1716
2113106881_1.jpg
192 85 717 596
211373432_1.jpg
290 333 646 624
2113885560_1.jpg
409 417 832 805
2115342511_1.jpg
82 86 587 599
2115806866_1.jpg
132 350 509 708
2115806866_2.jpg
269 259 533 519
2115806866_3.jpg
257 259 520 520
21161074_1.jpg
509 395 1120 983
2116626844_2.jpg
456 424 863 832
2117134810_1.jpg
532 505 1013 970
2117789390_1.jpg
301 314 617 607
2118321955_1.jpg
63 204 428 613
2118601275_1.jpg
382 457 855 861
2118655483_1.jpg
874 797 1796 1628
2119231041_1.jpg
56 236 305 508
212409770_1.jpg
530 452 1124 988
2124608043_1.jpg
164 332 605 772
2124611787_1.jpg
259 391 629 774
2124708927_1.jpg
155 216 585 588
2124851274_1.jpg
469 483 951 943
212515669_1.jpg
191 159 571 516
212515672_1.jpg
401 36 992 808
2125387076_1.jpg
238 297 607 663
2125467698_1.jpg
149 282 499 576
2127986751_1.jpg
196 235 582 599
212960843_1.jpg
335 365 679 633
2129982991_1.jpg
609 418 2031 1857
213033315_1.jpg
405 407 813 751
213033657_1.jpg
368 340 748 702
213034581_1.jpg
294 340 683 657
213034733_1.jpg
412 437 851 825
2130531101_1.jpg
695 321 1278 955
2134232899_1.jpg
383 382 748 752
2134232899_2.jpg
338 349 684 674
2134243149_1.jpg
376 371 721 732
2134243149_2.jpg
292 313 607 601
2134262703_1.jpg
305 318 621 615
2134262703_2.jpg
300 303 622 597
2134266399_1.jpg
371 381 747 731
213440091_1.jpg
326 236 639 505
213442073_1.jpg
401 175 863 567
2135034002_1.jpg
404 383 741 737
2135432270_1.jpg
629 523 1260 1152
2136232809_1.jpg
314 133 678 524
213643624_2.jpg
166 229 789 808
213729601_1.jpg
435 509 920 893
2137551460_1.jpg
438 404 873 835
2138195672_1.jpg
331 243 703 588
2138681738_1.jpg
264 687 2192 2120
2138851191_1.jpg
827 515 2780 2418
2139626906_1.jpg
1144 1181 2310 2218
2139633946_1.jpg
709 705 1391 1406
2139663057_1.jpg
561 560 1140 1102
2139663057_2.jpg
537 408 1071 928
2139669544_1.jpg
885 383 2829 2248
2139691983_1.jpg
302 311 612 590
2139755289_1.jpg
443 952 1381 1875
2139767101_1.jpg
319 314 591 597
2139767101_2.jpg
266 273 546 539
2139831977_2.jpg
399 321 794 716
2140513376_1.jpg
767 697 1529 1396
2140530512_1.jpg
602 628 1225 1187
2140556694_1.jpg
250 251 510 513
2140556694_2.jpg
249 249 511 500
2140620254_1.jpg
423 394 820 786
2140620254_2.jpg
370 369 758 739
214426541_2.jpg
321 629 964 1253
214778625_1.jpg
435 233 885 664
2150051470_1.jpg
605 478 1400 1281
2150051470_2.jpg
773 575 1588 1279
2150058510_1.jpg
507 828 1303 1506
215033154_1.jpg
526 36 1153 695
2151607444_1.jpg
1086 844 2167 2013
2152239275_1.jpg
160 607 959 1466
2152239275_2.jpg
153 634 959 1467
2156807524_1.jpg
405 385 769 787
21582960_1.jpg
680 633 1728 1579
2158901099_1.jpg
105 247 435 573
216195276_1.jpg
353 337 707 646
2163071133_1.jpg
755 905 1607 1683
2163747900_1.jpg
97 255 560 689
2163829312_1.jpg
753 652 1481 1388
2164052578_1.jpg
268 473 1484 1650
2164761297_1.jpg
306 236 576 511
2164847927_1.jpg
164 317 562 692
2165005475_1.jpg
99 315 785 1028
2165347834_1.jpg
223 365 662 771
2165528796_1.jpg
366 200 722 538
2165528796_2.jpg
173 266 520 594
2165593916_1.jpg
247 373 766 866
2166384323_1.jpg
329 173 731 507
2167059698_1.jpg
464 438 850 866
2167135339_1.jpg
731 616 1424 1336
2167135339_2.jpg
512 513 1048 1041
2167180876_1.jpg
450 450 897 878
2167874246_1.jpg
802 898 1852 1816
2168442441_1.jpg
332 428 945 1020
2168442533_1.jpg
301 291 583 586
2168477255_1.jpg
360 279 796 716
2169267682_1.jpg
150 258 502 589
2169268854_1.jpg
309 329 643 635
2169601621_1.jpg
438 440 904 868
2170250827_1.jpg
413 266 805 652
2170402460_1.jpg
424 821 1291 1722
21705205_1.jpg
728 784 1582 1638
21710996_1.jpg
1012 739 1966 1695
2172479811_1.jpg
751 830 1613 1548
2173271902_1.jpg
1049 543 2939 2336
2175042512_1.jpg
424 181 859 598
2175629058_1.jpg
536 551 1088 1048
2177168298_1.jpg
227 319 634 759
2177175118_1.jpg
829 798 1604 1624
2180195389_1.jpg
324 334 655 638
2181559194_1.jpg
343 1338 1920 2529
2182024730_1.jpg
162 325 566 745
2182951022_1.jpg
11 191 324 496
2184781988_1.jpg
361 264 747 607
2185205964_1.jpg
678 413 1371 1085
2185205964_2.jpg
667 410 1369 1084
218904413_1.jpg
202 703 914 1529
218904413_2.jpg
801 228 1424 952
218904494_1.jpg
510 323 898 797
2189567066_1.jpg
510 603 1369 1527
2190740171_1.jpg
356 392 787 790
2190903226_1.jpg
1165 872 2387 1818
2191376922_1.jpg
255 132 940 747
2191423425_1.jpg
361 273 697 586
2191845292_1.jpg
632 645 2091 2048
2193408004_1.jpg
102 252 390 499
2193639644_1.jpg
65 2 576 477
2194332767_1.jpg
138 419 652 975
2195120494_1.jpg
217 515 704 959
2195120626_1.jpg
288 321 628 589
2195220502_1.jpg
510 505 1017 1051
2195358708_1.jpg
293 654 915 1239
219669940_1.jpg
113 105 476 457
2196749951_1.jpg
958 680 1762 1578
219709038_1.jpg
308 269 639 569
2198286445_1.jpg
707 329 1311 1003
2200344234_1.jpg
535 814 1362 1541
2200730806_1.jpg
552 924 1849 2169
2200760295_1.jpg
239 358 686 778
2201151487_1.jpg
173 477 679 929
2201910996_1.jpg
127 356 553 761
2201942026_1.jpg
248 398 638 738
2201943712_1.jpg
284 316 600 572
2201943712_2.jpg
153 356 475 610
2202089258_1.jpg
5 145 342 473
2202741165_3.jpg
290 290 583 577
2203538277_1.jpg
21 291 344 557
2203693721_2.jpg
782 802 1593 1593
2203694817_1.jpg
546 901 1372 1623
2203695965_1.jpg
570 686 1345 1383
2203696399_2.jpg
378 828 1156 1509
2204494382_1.jpg
434 613 1076 1226
2204494382_2.jpg
661 640 1310 1278
2204495618_1.jpg
526 511 972 998
2204495618_2.jpg
483 512 985 971
2204502578_1.jpg
44 3 458 419
2205474871_1.jpg
331 263 652 587
2205474871_2.jpg
327 331 646 629
2205474871_3.jpg
317 322 640 623
2208472833_1.jpg
42 604 904 1342
2208472833_2.jpg
648 685 1359 1319
2209809995_1.jpg
301 306 612 599
2210601282_1.jpg
311 320 625 608
221068652_2.jpg
630 669 1266 1224
221068652_3.jpg
472 471 977 978
2210716757_1.jpg
302 305 607 606
2210851928_1.jpg
352 965 1978 3140
2211065399_1.jpg
379 232 707 583
2211065399_2.jpg
101 325 406 624
2211542693_1.jpg
273 266 540 528
221174143_1.jpg
423 151 798 548
221238636_1.jpg
338 186 784 603
221272641_1.jpg
537 429 1090 966
221278406_1.jpg
770 520 1775 1494
2212956363_1.jpg
307 776 1036 1567
2214566485_1.jpg
111 133 375 428
221458225_1.jpg
60 124 316 372
2214699699_1.jpg
190 348 536 684
2214772465_1.jpg
170 352 508 675
2215829570_1.jpg
563 521 1154 1119
2216045499_1.jpg
1068 850 2113 1811
221629697_1.jpg
1030 506 1997 1532
2216370944_1.jpg
3 33 478 577
2216480518_1.jpg
320 324 650 641
2218537300_1.jpg
151 335 584 760
2219165887_1.jpg
217 870 1452 2107
2220556464_1.jpg
812 866 1651 1600
2220556464_2.jpg
352 859 1354 1922
2220706683_1.jpg
87 270 640 784
2221495758_1.jpg
253 320 657 674
2222444403_1.jpg
406 195 838 565
2223862191_1.jpg
118 74 421 386
222388800_1.jpg
462 171 1642 1057
2224610174_1.jpg
442 443 837 840
2225440586_1.jpg
1116 996 1885 1982
2227646745_2.jpg
363 351 689 691
2228100915_1.jpg
340 342 684 686
2228100915_2.jpg
322 329 648 642
2228100915_3.jpg
284 292 575 573
2229166768_1.jpg
257 285 604 622
2229763779_2.jpg
253 264 524 526
2229774739_1.jpg
354 372 741 738
2229778733_1.jpg
99 748 1013 1576
2229778733_2.jpg
727 745 1478 1445
2229778733_3.jpg
516 548 1117 1108
2229778733_4.jpg
579 607 1164 1143
2229969688_1.jpg
267 279 528 512
2230569196_3.jpg
207 504 723 995
2230569196_4.jpg
435 448 856 834
2231190459_1.jpg
142 189 502 551
2231468853_1.jpg
525 550 1031 1025
2231989317_1.jpg
317 357 655 693
2232426029_1.jpg
448 474 938 932
2233231554_1.jpg
437 964 1396 1929
2233250688_1.jpg
905 818 1764 1655
2233368704_1.jpg
173 416 550 755
2233368704_2.jpg
338 351 687 683
2233368704_3.jpg
280 289 568 551
2233737284_1.jpg
822 203 1649 996
2233737284_2.jpg
402 612 1153 1361
2234753986_1.jpg
808 676 1614 1457
2236814888_1.jpg
368 371 735 738
2236814888_2.jpg
384 387 762 770
224036417_1.jpg
299 277 604 581
224036417_2.jpg
282 297 572 552
2240876637_1.jpg
402 570 970 1146
2241015901_1.jpg
181 1080 1268 1913
2241609352_1.jpg
32 706 734 1206
2242655460_1.jpg
135 196 408 494
2244553371_1.jpg
329 323 2496 2592
2246883372_1.jpg
793 654 1620 1462
224690170_1.jpg
424 434 854 828
224905605_1.jpg
202 368 532 723
2249998377_1.jpg
240 540 1003 1338
2250199357_1.jpg
637 353 1182 918
2250369835_1.jpg
182 334 534 656
2251139211_1.jpg
761 472 1398 1166
2251139211_2.jpg
512 514 1032 1039
2251201726_1.jpg
259 195 598 502
2254584858_1.jpg
462 562 1017 1112
2255538912_1.jpg
94 249 344 483
2255555023_1.jpg
153 284 494 616
2257099355_1.jpg
362 362 731 691
2257305766_1.jpg
228 469 2174 2701
2257804450_1.jpg
90 176 362 444
2258913498_1.jpg
287 294 566 574
2262286043_1.jpg
290 257 564 522
2262722996_1.jpg
339 133 689 432
2264901367_1.jpg
211 60 765 600
2267933931_1.jpg
233 307 546 633
2267947745_1.jpg
47 428 450 739
2268207831_1.jpg
161 100 460 368
2268738156_1.jpg
759 774 1509 1533
2269501063_1.jpg
557 584 1161 1134
2270525548_1.jpg
482 576 1066 1096
2276629742_1.jpg
586 569 1163 1157
2276629742_2.jpg
541 503 1076 1006
2277805385_1.jpg
289 280 563 564
2279324750_1.jpg
249 279 553 544
227943776_1.jpg
582 589 1176 1151
2282207808_1.jpg
383 241 786 602
2286067877_1.jpg
352 231 694 574
22864555_1.jpg
218 597 1008 1419
2286982317_1.jpg
472 463 947 917
2286982317_2.jpg
451 463 912 917
2289185361_1.jpg
93 149 448 435
228950047_1.jpg
48 85 394 384
2289530648_1.jpg
396 425 767 765
2289874177_1.jpg
277 739 1113 1504
2289957281_1.jpg
533 954 1489 1917
2290385398_2.jpg
1000 750 1922 1705
22920624_1.jpg
270 210 793 722
2292430114_1.jpg
88 260 395 525
2293417920_1.jpg
435 432 859 861
2293424058_1.jpg
675 658 1373 1346
2293424058_2.jpg
583 577 1183 1136
2293429456_1.jpg
673 743 1421 1483
2294325056_1.jpg
475 382 2480 2174
2295734120_1.jpg
265 268 542 530
2296662024_1.jpg
316 387 1147 1073
2296738336_1.jpg
659 672 1331 1329
2298271312_1.jpg
386 410 775 775
2300713390_1.jpg
492 740 2570 2396
2301024765_1.jpg
300 370 980 1078
230131544_1.jpg
382 415 820 854
2301548674_1.jpg
51 336 575 823
2302182824_1.jpg
98 175 460 475
2302208915_1.jpg
372 364 725 724
2302240607_1.jpg
489 455 872 873
2302240607_2.jpg
417 409 780 774
2302927584_1.jpg
268 273 561 553
2302987350_1.jpg
304 275 602 569
2303538653_1.jpg
218 229 506 546
2304061735_1.jpg
182 284 572 597
2304174066_1.jpg
44 144 376 467
230420772_1.jpg
835 922 1772 1716
2304715356_1.jpg
331 70 663 392
230499681_1.jpg
1089 764 2322 1948
230501201_1.jpg
738 1265 1960 2354
2305845249_1.jpg
376 322 747 679
2306258846_1.jpg
265 53 523 313
2306396832_1.jpg
154 383 604 746
2307775231_1.jpg
518 530 1053 1022
2308489181_1.jpg
291 313 598 585
2308489181_2.jpg
278 287 571 566
2308489181_3.jpg
305 320 630 619
2308648441_1.jpg
984 965 2064 1868
231216392_1.jpg
337 478 779 939
2312289834_1.jpg
473 496 921 981
2312507373_1.jpg
505 816 2143 2497
231292975_1.jpg
292 384 970 1076
2313830319_1.jpg
813 636 2114 1903
2314301953_1.jpg
186 280 521 619
2314307459_1.jpg
182 152 659 659
2315111554_1.jpg
224 242 715 683
2315541918_1.jpg
1082 1139 2294 2208
2317364698_1.jpg
379 376 745 750
2317364698_2.jpg
304 310 614 612
2318977243_1.jpg
706 1497 2296 3083
2320093697_1.jpg
805 569 1873 1512
2320120349_1.jpg
313 345 680 676
2320120349_2.jpg
311 351 690 695
2320215864_1.jpg
516 432 1114 947
2320302773_1.jpg
760 322 1533 1066
2321686152_1.jpg
613 495 1594 1487
232194_1.jpg
495 511 1033 952
2322139919_1.jpg
414 368 837 774
232329021_1.jpg
305 231 594 525
2324602074_1.jpg
401 577 1702 1837
2324645033_1.jpg
352 230 670 590
2325274893_1.jpg
385 391 780 776
2325274893_2.jpg
393 391 804 776
2325305205_1.jpg
387 379 756 761
2325305205_2.jpg
355 362 717 718
2325337095_1.jpg
601 605 1213 1215
2325337095_2.jpg
589 585 1136 1145
2325339957_1.jpg
743 572 1473 1289
2325339957_2.jpg
646 638 1255 1255
2326107432_1.jpg
833 533 1714 1402
2326123678_1.jpg
405 384 745 764
2326123678_2.jpg
353 334 662 663
2326138430_1.jpg
520 528 1052 1042
2326158218_1.jpg
1079 995 2059 2030
2326158218_2.jpg
1114 726 2248 1842
2326182644_1.jpg
500 652 1445 1547
2326182644_2.jpg
722 420 1559 1204
2326183026_1.jpg
590 856 1472 1654
2326647920_1.jpg
471 453 893 901
2327074205_1.jpg
576 619 1184 1133
232750395_1.jpg
348 347 672 692
232758871_1.jpg
162 216 600 645
2329090822_1.jpg
177 136 473 398
2330042311_1.jpg
94 91 504 421
2330128715_1.jpg
237 214 947 821
2330128831_1.jpg
394 200 878 637
2330128905_1.jpg
210 336 566 674
2330129299_1.jpg
347 217 857 720
2330129413_1.jpg
272 211 878 783
2330721439_1.jpg
599 627 1253 1265
2330954580_1.jpg
255 167 907 781
2330954824_1.jpg
121 122 972 821
2330955274_1.jpg
260 261 739 709
2330955410_1.jpg
288 323 700 700
2330955526_1.jpg
241 199 869 761
2330955614_1.jpg
335 248 763 632
2331075487_1.jpg
567 849 2263 2484
2331146163_1.jpg
1064 931 2055 1836
2331853202_1.jpg
234 179 542 467
2332408096_1.jpg
188 282 603 664
2333670757_1.jpg
867 536 1908 1664
233470867_1.jpg
861 913 3082 2848
2336833345_1.jpg
390 925 1324 1806
2339846774_1.jpg
356 333 627 608
233993272_1.jpg
451 624 1711 1871
2340693798_1.jpg
314 294 579 587
2340986522_1.jpg
440 24 1401 1009
2341783781_1.jpg
399 362 1104 1061
2343200154_1.jpg
875 1066 1884 1962
2343665394_1.jpg
677 669 1331 1332
2344217511_1.jpg
396 378 816 784
2344218773_1.jpg
349 247 712 571
2344219269_1.jpg
378 306 803 692
2344221437_1.jpg
282 263 581 540
2344899163_1.jpg
541 513 1982 2023
2344967158_1.jpg
152 280 608 719
2344972348_1.jpg
185 283 560 613
2344972348_2.jpg
359 361 707 668
2345048760_1.jpg
112 250 413 529
2345048760_2.jpg
300 315 616 604
2345049528_1.jpg
396 294 759 672
2346175251_1.jpg
263 285 572 559
2346354291_1.jpg
24 245 571 795
2346521154_1.jpg
272 548 795 1076
2349481463_1.jpg
600 971 1735 2093
2349731700_1.jpg
188 709 1954 2536
2350619624_1.jpg
231 170 552 474
2350688586_1.jpg
337 337 672 687
2351450794_1.jpg
1602 1340 3026 2864
2351504852_1.jpg
1499 1532 3175 2965
2351926912_1.jpg
394 616 2138 1924
2352254513_1.jpg
919 785 1869 1745
2352307187_1.jpg
1006 880 2021 1866
2352345861_1.jpg
797 748 2388 2381
2352531093_1.jpg
630 325 2083 1777
2352534555_1.jpg
720 730 1924 1998
2354287692_1.jpg
316 212 628 483
2355375119_1.jpg
957 948 2185 2074
235551382_1.jpg
185 51 490 402
2355774121_1.jpg
460 492 933 912
2355774121_2.jpg
353 339 645 668
2356460241_1.jpg
493 242 949 709
2358119745_1.jpg
283 242 565 522
2358209574_1.jpg
1157 711 2164 1755
2359007872_1.jpg
229 350 619 734
2359612328_1.jpg
1140 844 2924 2350
2360524256_1.jpg
338 323 628 644
2361275920_1.jpg
292 338 622 672
2362828916_1.jpg
1435 1296 2830 2555
2364435605_1.jpg
3 794 2339 2935
236505163_1.jpg
217 388 638 761
2365877276_1.jpg
15 171 439 595
2366695522_1.jpg
85 475 836 1276
236817064_1.jpg
267 284 651 659
236942402_1.jpg
120 425 621 849
2370158801_1.jpg
420 412 865 824
2370995384_1.jpg
512 432 1019 937
2371615952_1.jpg
1632 1698 3317 3234
237212549_1.jpg
149 247 485 545
2373667324_1.jpg
166 325 652 755
23739492_1.jpg
547 648 1563 1442
23739520_1.jpg
453 703 1468 1492
2375918801_1.jpg
89 218 381 483
237609288_1.jpg
184 157 613 577
237609290_1.jpg
149 168 605 583
2376315231_1.jpg
295 338 682 669
2376488496_1.jpg
140 369 492 726
2377409057_1.jpg
771 598 1950 1831
2378246248_1.jpg
835 513 1932 1923
2379148673_1.jpg
148 323 610 724
238277879_1.jpg
149 479 766 963
2382895882_1.jpg
955 993 2283 2138
2383880067_1.jpg
259 236 600 588
2384712054_1.jpg
257 323 613 675
2385322025_1.jpg
998 411 2128 1469
2385498145_1.jpg
469 458 907 914
2385650791_1.jpg
416 417 810 831
2385787457_1.jpg
770 602 2017 1733
2385787737_1.jpg
797 544 2009 1806
2385871165_1.jpg
127 234 443 521
2385951266_1.jpg
307 423 1657 1578
2386587221_1.jpg
153 229 513 557
2386611784_1.jpg
457 458 1044 963
2386704064_1.jpg
379 190 745 566
2386722927_1.jpg
599 595 1686 1737
2386722927_2.jpg
391 384 752 761
2388603859_1.jpg
512 519 1048 1044
2389197606_5.jpg
324 320 671 638
2389313905_1.jpg
367 186 752 604
2389790920_1.jpg
41 200 439 560
2390659302_1.jpg
561 1231 1780 2179
2392191492_1.jpg
907 969 1975 1938
2393479404_1.jpg
189 97 552 487
2393607229_1.jpg
338 335 660 657
2394089614_1.jpg
58 158 373 485
2394310531_1.jpg
528 588 1115 1166
2396310433_1.jpg
56 140 379 456
2397008230_1.jpg
119 2 459 312
2397575379_1.jpg
779 749 1582 1536
2397581549_1.jpg
1000 819 2089 1836
2397586201_2.jpg
494 538 1018 977
2397587931_1.jpg
571 667 1230 1167
2397597303_1.jpg
938 833 1989 1666
2397601939_1.jpg
579 602 1181 1147
2397869868_1.jpg
363 1090 1894 2591
2397887915_1.jpg
572 568 1056 1061
2397891505_1.jpg
387 291 788 666
2397891757_1.jpg
704 349 1402 1001
2397893035_1.jpg
596 586 1205 1153
2397897525_1.jpg
478 380 1032 907
2397898535_1.jpg
672 549 1324 1225
2397899047_1.jpg
728 912 2031 2197
2398411262_1.jpg
849 891 1823 1794
2398422506_1.jpg
461 496 963 932
2398422506_3.jpg
369 386 751 700
2398426982_1.jpg
932 570 2063 1618
2398431338_1.jpg
593 618 1158 1129
2398691129_1.jpg
504 647 1744 1841
2398716782_1.jpg
654 630 1192 1144
2398718412_1.jpg
434 443 885 886
2398723600_1.jpg
593 906 1537 1815
2398724096_1.jpg
464 319 940 748
2398724424_1.jpg
444 447 909 872
2398724830_1.jpg
443 651 1160 1333
2398725148_1.jpg
334 649 1820 2124
2398726534_1.jpg
753 509 1823 1568
240001815_1.jpg
92 37 629 426
2400986257_1.jpg
218 328 584 744
2401359779_1.jpg
541 717 1416 1600
2401967202_1.jpg
284 448 796 907
2402052185_1.jpg
319 334 690 643
2402052185_2.jpg
347 353 693 703
2402052185_3.jpg
360 347 698 693
2402251921_1.jpg
584 383 1523 1071
2402745714_1.jpg
308 332 732 745
240281904_1.jpg
605 571 1142 1103
240281904_2.jpg
456 461 889 883
240281904_3.jpg
404 408 797 797
2404966827_1.jpg
957 837 1871 1774
2404969301_1.jpg
820 773 1861 1937
2405521888_2.jpg
156 625 967 1414
2405798840_1.jpg
975 605 2072 1670
2405801774_1.jpg
724 639 1902 1968
2406130609_1.jpg
349 677 1077 1412
2406435030_1.jpg
227 339 618 725
2407195618_1.jpg
705 1083 2145 2454
2407746151_1.jpg
660 468 1417 1229
2407762189_1.jpg
137 293 432 590
2407771006_1.jpg
104 61 460 427
2408549321_1.jpg
704 678 1290 1340
2408599550_1.jpg
333 268 676 586
2408609508_1.jpg
177 367 538 701
2409386512_1.jpg
489 488 957 971
2410521422_1.jpg
592 578 1180 1144
2410522334_1.jpg
1094 382 2090 1419
2411561802_1.jpg
1109 860 2196 1958
2411620252_1.jpg
522 390 1036 908
2414075021_1.jpg
549 516 1017 1025
2414792473_1.jpg
135 850 2096 3137
2415425614_1.jpg
184 245 607 661
241618266_1.jpg
301 335 676 693
2416254762_1.jpg
318 169 617 496
2416614295_1.jpg
97 220 541 767
2417379685_1.jpg
102 424 537 843
2418314368_1.jpg
661 607 1308 1262
2419189561_1.jpg
1 202 456 623
2419679570_1.jpg
117 521 738 1045
2420389746_1.jpg
259 392 619 796
2420857139_1.jpg
143 248 484 520
2421145346_1.jpg
1216 1335 2573 2476
2421887901_1.jpg
508 482 931 932
2422195369_1.jpg
700 886 1556 1675
2423457662_1.jpg
297 363 773 848
2423457666_1.jpg
321 549 969 1197
2425505427_1.jpg
281 602 826 1073
2425505427_2.jpg
275 285 560 560
2425803315_1.jpg
416 418 834 819
2426066819_1.jpg
386 279 745 659
2426066823_1.jpg
241 291 554 593
2426631349_1.jpg
104 255 375 541
2426747542_1.jpg
219 290 624 652
2428008911_1.jpg
385 440 861 883
2428008923_1.jpg
385 268 913 809
2430537397_1.jpg
180 73 591 507
2430537549_1.jpg
51 190 467 611
2430664591_1.jpg
625 1042 1771 2110
2431003802_1.jpg
1007 800 2009 1708
243100792_1.jpg
204 138 768 777
243214217_1.jpg
689 653 1315 1305
2432280344_1.jpg
456 429 859 874
243232372_1.jpg
314 248 714 617
243232376_1.jpg
106 220 537 618
2432515626_1.jpg
302 258 572 539
2432854845_1.jpg
396 847 1226 1710
2433671054_1.jpg
1017 436 2081 1444
2434739044_1.jpg
24 269 298 535
2436151978_1.jpg
318 297 617 574
2436151978_3.jpg
351 363 695 695
2436720309_1.jpg
1088 495 3386 2835
2437352849_1.jpg
979 508 1970 1502
2437510272_1.jpg
303 585 905 1121
2437565214_1.jpg
763 663 1923 1619
243759437_1.jpg
198 48 855 731
243761838_1.jpg
309 189 696 585
2437904540_1.jpg
324 338 674 673
2439679146_1.jpg
721 718 1472 1429
2439889861_1.jpg
301 312 613 586
2439910346_1.jpg
319 280 637 563
2441411300_1.jpg
859 990 1853 1863
2441861132_1.jpg
264 270 536 520
2442107375_1.jpg
178 437 589 863
2442576256_1.jpg
52 38 983 1055
2442731862_1.jpg
672 226 1382 836
2442933686_1.jpg
349 262 765 642
2446262151_1.jpg
225 356 589 641
2446496284_2.jpg
470 469 974 956
2447154353_1.jpg
195 59 617 498
2447772018_1.jpg
280 290 564 555
2447989452_1.jpg
300 296 613 599
2448291599_1.jpg
777 612 1474 1287
2449151024_1.jpg
918 869 1712 1726
2449151024_2.jpg
1044 706 1979 1697
2449179046_1.jpg
645 915 1566 1641
2449594436_1.jpg
386 399 784 762
2449764454_1.jpg
58 138 453 568
2450984791_1.jpg
453 457 907 868
2453927669_1.jpg
93 156 973 942
2454607429_1.jpg
692 1103 1818 2184
245801293_1.jpg
1 513 1049 1632
2458204984_1.jpg
323 296 629 601
245871800_1.jpg
13 2 556 418
245873250_1.jpg
79 93 446 384
2461725904_1.jpg
128 416 525 813
2465033947_1.jpg
599 368 1225 962
2465123535_1.jpg
683 431 3106 2534
2466353526_1.jpg
826 861 1722 1717
2466415593_1.jpg
359 409 934 874
2466594504_1.jpg
318 302 627 596
2469551410_1.jpg
177 184 736 682
2472784229_1.jpg
1023 857 2090 1927
24729177_1.jpg
64 257 431 621
2473945935_1.jpg
177 255 534 591
2474157761_1.jpg
756 362 1510 1206
2476555449_1.jpg
436 471 880 832
2477515529_1.jpg
846 40 1495 809
2477515529_3.jpg
684 647 1280 1287
2477598941_1.jpg
273 225 565 491
2477698161_1.jpg
236 429 600 773
2477958141_1.jpg
391 362 795 770
2477958141_2.jpg
432 482 915 941
2478571096_1.jpg
261 330 551 663
2480602910_1.jpg
1118 725 2275 1788
248228146_1.jpg
65 177 483 566
248255433_1.jpg
92 207 397 488
2483534214_1.jpg
358 361 721 711
2483653127_1.jpg
675 665 1290 1313
2484089292_1.jpg
697 1228 2296 2826
2484463018_1.jpg
743 507 1722 1325
2485495082_1.jpg
843 839 1645 1664
248684423_1.jpg
191 467 950 1300
2487307260_1.jpg
646 648 1292 1273
2488100923_1.jpg
1393 762 2717 2179
2488505181_1.jpg
427 480 1033 1059
2489085841_1.jpg
445 213 903 665
2489465975_1.jpg
129 387 644 958
2490334278_1.jpg
819 1323 2076 2583
2491145700_1.jpg
535 329 1043 858
2492944654_1.jpg
1060 295 2144 1341
2493621535_1.jpg
574 667 1960 1994
2495649904_1.jpg
24 235 399 609
2495650350_1.jpg
80 227 412 542
2496151369_1.jpg
337 387 1218 1330
2496845639_1.jpg
569 562 1133 1131
2496847811_1.jpg
597 667 1190 1255
2497150361_1.jpg
298 303 1015 1200
2497670922_1.jpg
618 733 1325 1450
2497794830_1.jpg
351 184 644 458
2497976014_1.jpg
357 279 755 715
2497978188_1.jpg
446 267 793 663
249852286_1.jpg
491 490 970 982
249852286_2.jpg
261 448 718 896
2498590482_1.jpg
587 575 1157 1136
249871116_1.jpg
383 626 980 1132
2500088309_1.jpg
342 497 905 1013
2500088309_2.jpg
518 528 1036 1019
2500920192_1.jpg
302 309 609 597
2500920400_1.jpg
394 301 797 685
2501339174_1.jpg
607 1121 1727 2207
2501616966_1.jpg
223 378 657 782
250246725_1.jpg
414 497 1065 1116
2502797758_1.jpg
263 180 485 425
2502913945_1.jpg
867 596 1765 1556
250351361_1.jpg
55 202 414 592
2504948725_1.jpg
391 403 806 801
2504948725_2.jpg
491 494 970 935
2505523580_1.jpg
544 572 1102 1099
2506448164_1.jpg
1137 691 2625 2315
2507367343_1.jpg
291 324 818 783
2507543274_1.jpg
277 288 573 576
2508658578_1.jpg
512 808 2202 2292
2510357809_1.jpg
418 112 1142 810
2511563395_1.jpg
145 88 657 616
2511905092_1.jpg
382 570 950 1047
2512750679_1.jpg
1 176 551 690
2513178752_1.jpg
650 702 1321 1283
2514104824_1.jpg
149 402 599 902
2514843771_1.jpg
103 314 462 690
2514843829_1.jpg
106 293 467 673
251544505_1.jpg
28 129 419 491
2515668654_1.jpg
243 195 678 684
2515748640_1.jpg
516 541 1081 1026
2516299615_1.jpg
678 219 1306 862
2516806579_1.jpg
432 411 840 815
2519183112_1.jpg
524 601 1116 1177
2520325864_1.jpg
708 802 1533 1506
2521596793_1.jpg
345 335 714 687
2524358270_1.jpg
558 1269 1907 2582
2524386803_1.jpg
792 1431 2339 3036
2525080073_1.jpg
466 470 959 936
2525221598_1.jpg
882 836 1716 1709
2525904180_1.jpg
380 326 752 637
2525905984_1.jpg
312 322 622 615
2527422664_1.jpg
1281 960 2664 2205
2527922253_1.jpg
3 224 457 805
2528600614_1.jpg
327 581 1418 1537
2528689679_1.jpg
155 256 679 761
2529411571_1.jpg
527 890 1415 1804
2529462320_1.jpg
139 392 626 833
2529559836_1.jpg
472 489 1000 942
2529559836_2.jpg
246 411 647 794
252976245_1.jpg
330 235 700 632
2530498353_1.jpg
176 154 547 564
2530880920_1.jpg
491 541 1132 1113
2530880990_1.jpg
611 509 1225 1055
2532979343_1.jpg
546 181 1050 687
2532979343_2.jpg
426 414 809 820
2533221503_1.jpg
452 847 1683 2110
2533685677_1.jpg
306 224 601 568
2533685677_2.jpg
346 233 619 540
2533795622_1.jpg
469 360 908 822
2533799522_1.jpg
401 280 779 672
2533799522_2.jpg
352 346 680 685
2533908657_2.jpg
788 781 1532 1544
2533918233_1.jpg
895 439 1772 1294
2534288728_1.jpg
278 243 862 790
2534731068_1.jpg
783 532 1515 1292
2534731068_2.jpg
836 793 1571 1573
2534934254_1.jpg
581 295 1078 828
2535719318_1.jpg
513 442 984 934
2535719318_2.jpg
473 455 871 894
2535719318_3.jpg
470 488 947 975
2536015089_1.jpg
621 641 1241 1224
2536015971_1.jpg
596 717 1409 1508
2536681755_1.jpg
786 824 1587 1560
2536681755_2.jpg
634 710 1367 1408
2536832392_1.jpg
535 1235 2015 2701
2537969929_1.jpg
248 1259 2001 2932
2537972279_1.jpg
538 1284 1857 2919
2538548404_1.jpg
343 283 678 603
2538980825_1.jpg
299 303 589 594
2540009576_1.jpg
700 922 1707 1895
254040505_1.jpg
242 272 605 582
2540799498_1.jpg
308 760 974 1464
2540954257_1.jpg
423 268 833 687
2541112439_1.jpg
571 695 1217 1381
2541112439_2.jpg
643 623 1219 1246
2541125327_1.jpg
594 611 1176 1152
2541637575_1.jpg
257 279 593 585
2542834954_1.jpg
487 1027 1453 2046
2544305981_1.jpg
755 1162 1878 2256
2544306273_1.jpg
654 348 1350 955
2544738096_1.jpg
104 324 498 673
2544906205_1.jpg
425 423 822 813
2545119553_1.jpg
228 211 534 513
2545132994_1.jpg
740 781 1529 1510
2546411220_1.jpg
966 938 1876 1872
2546515404_1.jpg
396 428 849 857
2547027076_1.jpg
304 263 617 559
2547601276_1.jpg
554 721 1253 1291
2547802012_1.jpg
358 360 843 788
2547808775_1.jpg
291 235 588 529
2547890471_1.jpg
432 194 927 659
2548364697_1.jpg
131 355 568 757
2548725859_1.jpg
781 829 1499 1474
2548725859_2.jpg
751 756 1475 1496
2548725859_3.jpg
487 586 1205 1269
2548811959_1.jpg
406 321 815 716
2550281081_1.jpg
336 632 935 1271
2550744227_1.jpg
739 786 1453 1460
2550746669_1.jpg
555 548 1113 1082
2551002855_1.jpg
175 354 642 845
2551040213_1.jpg
808 809 1587 1594
2551040609_1.jpg
662 671 1259 1274
2551070375_1.jpg
870 822 1612 1584
2551561993_1.jpg
61 59 374 373
2551878386_1.jpg
252 416 703 910
2552816820_2.jpg
306 305 590 593
2552817767_1.jpg
536 516 999 1021
2553304295_1.jpg
395 248 793 615
2553304823_1.jpg
401 209 817 608
2553304823_2.jpg
372 372 735 734
2553305023_1.jpg
554 406 1064 913
2553305603_1.jpg
1020 712 2077 1758
2553305829_1.jpg
736 747 1485 1483
2553356442_1.jpg
1230 133 2613 1720
2553716827_1.jpg
54 58 501 421
2553964820_1.jpg
54 278 633 773
2554127648_1.jpg
295 339 653 675
2554129050_1.jpg
499 420 1009 916
2554717801_1.jpg
63 252 348 522
2554718441_1.jpg
58 273 372 577
2554996128_1.jpg
411 461 864 869
2558572603_1.jpg
145 258 470 577
2559502581_1.jpg
251 363 618 697
2559937512_1.jpg
147 154 419 436
2560341685_1.jpg
518 326 1024 833
2562123281_1.jpg
368 379 745 744
2563042318_1.jpg
902 992 1811 1715
2563604089_1.jpg
300 95 694 523
2564651638_1.jpg
258 304 605 591
2567215951_1.jpg
162 179 463 472
2567246289_1.jpg
292 295 767 760
2567897317_1.jpg
94 230 385 539
2568977268_1.jpg
529 504 1023 1001
2569659822_1.jpg
310 277 846 828
2570109022_1.jpg
347 172 766 660
2570281375_1.jpg
57 259 614 788
2570952491_1.jpg
299 1419 2590 3816
2570956615_1.jpg
314 907 2376 3010
2570966789_1.jpg
145 381 724 937
2570967609_1.jpg
509 521 1230 1186
2570977081_1.jpg
440 357 881 795
2571808206_1.jpg
564 376 1190 978
2571812886_1.jpg
526 907 2279 2677
2572176925_1.jpg
686 1290 2271 3001
2579350496_1.jpg
209 351 549 702
2579685145_1.jpg
782 572 1510 1301
2580555849_1.jpg
366 363 735 711
2583400257_1.jpg
430 58 963 625
2583560347_1.jpg
312 262 622 570
2583756661_1.jpg
490 470 962 938
2584222434_1.jpg
244 176 625 581
2584224650_1.jpg
76 131 512 594
2584226946_1.jpg
415 201 914 728
2584389682_1.jpg
349 278 694 627
2584392198_1.jpg
271 275 539 538
2584536815_1.jpg
31 103 489 514
2587184713_1.jpg
561 511 1408 1382
2588017894_1.jpg
409 413 807 779
258914311_1.jpg
130 327 630 849
2589513472_1.jpg
245 354 708 805
2589809231_1.jpg
176 274 523 627
2590097927_1.jpg
1012 517 2013 1521
2591957537_1.jpg
358 753 1120 1506
2592795354_1.jpg
347 277 669 592
2592795716_1.jpg
370 341 728 683
2593505397_1.jpg
342 281 984 968
2593999937_1.jpg
387 228 834 646
2594343912_1.jpg
464 471 1080 1149
2595390660_1.jpg
444 450 894 889
2595390660_2.jpg
429 495 922 867
2595390660_3.jpg
450 457 901 900
2595847708_1.jpg
27 316 635 966
2597444784_1.jpg
269 277 626 627
2598283337_1.jpg
285 215 702 723
2598926500_1.jpg
819 793 1545 1599
2598926500_2.jpg
832 826 1562 1636
2599011432_1.jpg
207 275 478 543
2599260456_1.jpg
226 140 533 439
2600292591_2.jpg
343 331 652 652
260290844_1.jpg
934 665 1882 1547
260290849_1.jpg
782 349 2007 1720
26041966_1.jpg
520 492 960 968
26041966_2.jpg
547 528 1034 1031
2606355351_1.jpg
252 518 791 1004
2607971564_1.jpg
96 222 823 912
2609109576_1.jpg
101 231 419 552
2609134545_1.jpg
82 223 391 524
2609766139_1.jpg
126 153 595 559
2610986753_1.jpg
103 253 426 560
2612796933_1.jpg
146 277 617 744
2613987958_1.jpg
565 559 1100 1111
2614190089_1.jpg
205 130 897 759
2614715469_1.jpg
608 629 1238 1208
2615660715_1.jpg
355 231 774 677
2615918865_1.jpg
874 583 1939 1578
261646976_1.jpg
260 509 876 1048
2616752441_1.jpg
241 557 767 1055
2617421168_1.jpg
454 468 873 853
2618115520_1.jpg
399 322 732 710
2618147986_1.jpg
284 292 581 578
2619325600_1.jpg
175 308 665 772
2620035751_1.jpg
388 284 790 626
2620035751_2.jpg
375 383 769 744
2620035751_3.jpg
361 193 731 538
2620035751_4.jpg
230 321 611 665
2620035751_5.jpg
376 364 727 724
2620035751_6.jpg
375 373 745 745
2620035751_7.jpg
375 389 740 737
2620035751_8.jpg
304 317 624 618
2620035751_9.jpg
364 368 731 713
2620748776_1.jpg
301 124 838 738
2622481517_1.jpg
352 231 691 575
2622481517_2.jpg
268 284 566 569
2622481519_1.jpg
247 258 533 558
2622481529_1.jpg
181 141 505 461
2622481529_2.jpg
314 257 612 554
2623755106_1.jpg
331 332 645 648
2624015355_1.jpg
222 298 521 551
2624814777_1.jpg
304 145 1835 1615
2625290035_1.jpg
949 650 1955 1615
262545392_1.jpg
363 369 745 728
262545511_1.jpg
367 389 764 764
2626551854_1.jpg
418 1096 2193 2687
2628518257_1.jpg
87 235 444 566
2628518621_1.jpg
152 282 401 561
2632393389_1.jpg
343 902 1414 1898
2634041063_1.jpg
506 1185 2359 2868
2634864392_1.jpg
509 1308 2370 2948
2634865648_1.jpg
737 1452 2194 2831
2634866872_1.jpg
1237 1143 2801 2363
2635473457_1.jpg
716 462 1799 1465
2635506982_1.jpg
488 374 940 796
263567973_1.jpg
724 950 1759 2031
2637014787_1.jpg
517 533 1030 1009
2637859146_1.jpg
370 484 1335 1451
2638234993_1.jpg
1030 659 2470 1905
2639853121_1.jpg
461 517 1020 1016
2642751678_1.jpg
193 398 590 783
2642886952_1.jpg
526 494 1012 990
2643349347_1.jpg
268 186 740 647
2643601988_1.jpg
457 343 935 793
2643601988_2.jpg
326 413 742 808
2645235152_1.jpg
153 333 492 645
2646055201_1.jpg
337 295 653 635
2649826959_1.jpg
307 314 590 612
2650258108_1.jpg
128 403 815 1024
2651816235_1.jpg
1127 1113 2262 2171
2651829477_1.jpg
373 374 741 727
2651953293_1.jpg
691 411 1373 1047
265195892_1.jpg
399 294 938 862
265196793_1.jpg
341 300 982 863
2651968449_1.jpg
843 765 1673 1573
2651987281_1.jpg
636 682 1313 1280
2652089249_1.jpg
584 690 1526 1571
2652699508_1.jpg
835 453 1614 1263
2652716534_1.jpg
360 341 739 702
2652744317_1.jpg
578 566 1159 1142
2652792032_1.jpg
813 690 1574 1467
2652853158_1.jpg
533 485 1016 997
2652858910_1.jpg
540 600 1185 1277
2652885718_1.jpg
649 652 1366 1326
2652890824_1.jpg
1327 817 2667 2122
2652906728_1.jpg
855 883 1729 1728
2654219004_1.jpg
579 1317 1816 2440
2655076570_1.jpg
758 369 1357 1037
2655475577_1.jpg
73 98 386 437
2656257353_1.jpg
112 225 685 739
2658283615_1.jpg
74 258 418 593
2658289771_1.jpg
275 218 581 485
2658697087_1.jpg
366 297 912 835
2658788209_1.jpg
944 544 2076 1678
2658969370_1.jpg
310 324 619 624
2659115078_1.jpg
252 318 558 636
2659264056_1.jpg
98 151 576 601
266036271_1.jpg
21 39 459 358
26605529_1.jpg
114 194 392 470
2662367038_1.jpg
376 378 745 739
2662819619_1.jpg
200 157 484 402
2663129694_1.jpg
362 80 749 463
26638112_1.jpg
127 726 1226 1679
2663848100_1.jpg
447 524 926 1036
2663851370_1.jpg
466 435 833 854
2664560956_1.jpg
259 202 625 505
2664748719_1.jpg
133 58 798 768
2665438753_1.jpg
344 340 677 662
2665714499_1.jpg
181 230 513 550
2665780466_1.jpg
617 583 1174 1158
2665784919_1.jpg
138 453 596 841
2665879761_1.jpg
99 409 664 960
2666384408_1.jpg
54 280 464 683
2666396914_1.jpg
338 202 912 683
2667636661_1.jpg
365 384 865 927
2667636661_2.jpg
433 452 900 838
2667636661_3.jpg
368 381 752 720
2667636661_4.jpg
427 414 820 830
2670182321_1.jpg
265 266 856 921
2671732783_1.jpg
48 133 401 479
2677149532_1.jpg
156 125 591 536
2678543215_1.jpg
545 896 2139 2235
2678954209_1.jpg
491 676 1208 1339
2680057771_1.jpg
27 641 1120 1818
2682198868_1.jpg
1203 959 2352 2094
268284860_1.jpg
671 665 1342 1261
2683325027_1.jpg
456 92 1728 1249
2685003351_1.jpg
933 717 1879 1672
2685751196_1.jpg
841 629 2038 1916
2685853470_1.jpg
858 766 1697 1607
268625316_1.jpg
198 284 484 567
268628556_1.jpg
142 400 534 774
2687936736_1.jpg
516 512 1047 1029
2688246368_1.jpg
764 746 1545 1572
2688545621_1.jpg
166 266 662 746
2689212210_1.jpg
789 589 1831 1568
2689266554_1.jpg
287 266 565 526
2689575221_1.jpg
300 216 616 527
2690491397_1.jpg
326 531 815 1042
2691986791_1.jpg
933 604 2243 1958
2692234417_1.jpg
703 485 1306 1078
2692799934_1.jpg
1066 690 2145 1796
26931199_1.jpg
384 375 812 775
2697871888_1.jpg
376 261 706 596
2698579516_1.jpg
402 1071 1880 2528
2699025198_1.jpg
454 482 951 914
2699407428_1.jpg
661 702 1340 1355
2699413804_1.jpg
320 332 675 653
2699413804_2.jpg
395 453 812 754
2699422785_1.jpg
245 270 678 684
269968666_1.jpg
319 165 644 478
2700238522_1.jpg
293 128 701 527
2700468932_1.jpg
502 525 1039 997
2702096048_1.jpg
61 148 424 497
2702543812_1.jpg
321 427 812 871
2702590642_1.jpg
471 381 1214 1060
2702798273_1.jpg
456 217 1036 840
2702954419_1.jpg
359 877 1335 1988
2705102720_1.jpg
183 74 933 853
2705557901_1.jpg
654 669 1422 1370
2706372454_1.jpg
654 687 1355 1301
2706382376_1.jpg
413 453 879 908
2706940948_1.jpg
52 532 815 1208
2706973001_1.jpg
510 968 1953 2412
2707641297_1.jpg
879 776 1790 1649
2707642369_1.jpg
900 802 1826 1703
2707642783_1.jpg
870 895 1792 1790
2707644111_1.jpg
1112 828 2242 1979
2707644515_1.jpg
1066 741 2039 1799
2708459570_1.jpg
920 741 1741 1609
2708460596_1.jpg
1027 641 2192 1921
2708694408_1.jpg
530 364 989 849
2708694408_2.jpg
368 380 749 743
2708694408_3.jpg
367 379 740 735
2710033361_1.jpg
541 817 1388 1447
2710860682_1.jpg
418 1270 1875 2359
2711278583_1.jpg
620 610 1635 1736
2711926644_1.jpg
239 502 908 1168
271207560_1.jpg
415 424 819 803
271207626_1.jpg
357 279 713 635
271207685_1.jpg
212 389 691 870
271207741_1.jpg
380 320 742 698
271580597_1.jpg
578 452 1168 1038
2716434131_1.jpg
342 379 703 652
2716694520_1.jpg
203 190 485 451
2717658327_1.jpg
216 275 542 607
2719309278_1.jpg
493 529 1233 1139
2719463843_1.jpg
1012 737 1905 1703
2719464221_1.jpg
966 550 2029 1819
2719464361_1.jpg
1070 703 2045 1781
2719467991_1.jpg
857 779 1730 1660
2719469475_1.jpg
1116 524 2109 1658
2719469639_1.jpg
969 504 2085 1872
2719469801_1.jpg
990 675 2036 1896
2719470487_1.jpg
1107 735 2019 1778
2719472207_1.jpg
964 705 2080 1932
2719473317_1.jpg
967 620 2204 1898
2719473671_1.jpg
832 883 1653 1746
2719524583_1.jpg
758 748 1478 1482
2720293102_1.jpg
1049 847 1975 1862
2720295826_1.jpg
874 724 1774 1590
2720296828_1.jpg
1082 796 2112 1839
2720297592_1.jpg
1091 766 2112 1886
2720792426_1.jpg
259 220 747 700
2721024227_1.jpg
890 369 1723 1227
2721311052_1.jpg
197 166 489 472
2721527391_1.jpg
435 948 1719 2178
2721866884_1.jpg
244 348 691 785
2722611373_1.jpg
449 793 1376 1699
2722618747_1.jpg
1034 876 1980 1832
2722625419_1.jpg
232 519 1127 1396
2722833286_1.jpg
189 830 1126 1640
2723446042_1.jpg
975 556 1944 1419
2724831350_1.jpg
894 866 1804 1672
2726369211_1.jpg
436 433 846 853
2726369211_2.jpg
411 446 806 811
2726913373_1.jpg
44 355 455 710
2727051707_1.jpg
367 354 706 697
272728945_1.jpg
300 438 785 873
2728400620_1.jpg
365 261 722 625
2733601788_1.jpg
227 226 484 468
2734168604_1.jpg
259 532 1041 1216
273476938_1.jpg
425 123 817 525
2735836218_1.jpg
487 381 997 773
2737646637_1.jpg
824 935 1671 1568
2738187790_1.jpg
143 201 851 911
2738554611_1.jpg
601 797 1453 1639
2738554611_2.jpg
856 794 1704 1633
2738625961_1.jpg
123 283 577 763
2739463536_1.jpg
255 288 659 686
2739463852_1.jpg
234 301 534 598
2740677001_1.jpg
727 637 1441 1340
27409477_1.jpg
305 252 611 550
2741097423_1.jpg
371 566 1108 1276
2741148975_1.jpg
513 702 1263 1321
2741246020_1.jpg
485 484 976 980
2741469993_1.jpg
854 597 2073 1875
2741472043_1.jpg
869 782 1636 1602
2741633807_1.jpg
287 212 657 594
2743458765_1.jpg
422 315 813 706
2743945084_1.jpg
368 298 719 639
2744427984_1.jpg
421 453 1259 1235
2748125978_1.jpg
376 652 1998 2321
2748918408_1.jpg
362 1247 1614 2700
2749039135_1.jpg
541 427 1592 1360
274928922_1.jpg
654 428 1265 1070
274928922_2.jpg
716 342 1325 1024
2750423663_1.jpg
546 1050 2207 2720
275252906_1.jpg
478 599 1125 1226
275326542_1.jpg
637 499 1739 1461
2753825731_1.jpg
599 622 1349 1219
2755672817_1.jpg
310 324 637 649
2755672817_2.jpg
326 343 663 629
2756003523_1.jpg
471 489 986 965
2756841760_1.jpg
437 440 863 863
2756860536_1.jpg
461 436 859 855
2757480328_1.jpg
662 675 1292 1289
2758865686_1.jpg
847 798 1585 1515
2759169934_1.jpg
286 170 672 528
2759204795_1.jpg
338 264 1019 1020
2761037247_1.jpg
281 210 572 473
2761106136_1.jpg
468 1359 2065 2817
2762499751_1.jpg
211 89 543 393
2763403659_1.jpg
583 575 1116 1117
2765583247_1.jpg
275 241 635 565
2766429378_1.jpg
1 316 429 675
2767060777_1.jpg
817 697 1405 1428
2767428524_1.jpg
550 661 1244 1261
276753589_1.jpg
680 763 1432 1309
276823387_1.jpg
396 386 782 758
2772487898_1.jpg
403 334 796 717
2772764524_1.jpg
152 375 507 767
277485584_1.jpg
502 596 1164 1266
2776862669_1.jpg
762 1321 1890 2562
2777541034_1.jpg
662 237 2839 2376
277942089_1.jpg
292 436 870 1085
277967015_1.jpg
166 141 524 473
2780104878_1.jpg
101 263 406 561
2781323593_1.jpg
791 654 1666 1596
2781570272_1.jpg
613 585 1207 1181
2781888246_1.jpg
521 494 943 961
2782094272_1.jpg
656 589 1315 1177
2782810504_1.jpg
223 309 561 665
2783115454_1.jpg
443 414 906 838
2783667002_1.jpg
977 89 1880 1067
2784698988_1.jpg
239 360 695 849
2787024761_1.jpg
359 354 868 809
278735612_1.jpg
313 303 595 595
278735612_2.jpg
346 329 646 653
2788276334_1.jpg
296 300 624 615
2788857428_1.jpg
280 209 572 466
2790641531_1.jpg
390 426 816 794
2790641531_2.jpg
356 290 702 641
2790641531_3.jpg
403 380 812 764
279233131_1.jpg
243 279 577 593
2794843471_1.jpg
392 300 781 687
2794931589_1.jpg
490 528 978 1036
279534306_1.jpg
281 887 1431 1754
2799715245_1.jpg
291 292 575 577
2799926533_1.jpg
193 374 579 736
280005127_1.jpg
661 562 1335 1194
280005282_1.jpg
592 491 1186 1073
280005501_1.jpg
524 455 1088 1009
2801477372_1.jpg
527 282 1098 836
2801512821_1.jpg
662 559 1290 1234
2803552761_1.jpg
787 392 1775 1164
280469750_1.jpg
822 753 1602 1541
280469983_1.jpg
948 659 1925 1616
280470249_1.jpg
969 694 2034 1711
280470418_1.jpg
799 610 1646 1312
2805324803_1.jpg
995 820 1851 1796
2805325465_1.jpg
1025 766 1955 1793
2805684771_1.jpg
260 369 628 741
2806176050_1.jpg
1029 776 2084 1754
2806176202_1.jpg
1005 656 1966 1746
2806176632_1.jpg
1067 712 2106 1757
2806896395_1.jpg
613 1201 2068 2446
2807842663_1.jpg
405 315 1305 1277
2807859203_1.jpg
606 539 1109 1095
2807861653_1.jpg
538 449 1021 936
2807886461_1.jpg
1490 586 2862 1978
2808715486_1.jpg
476 930 1607 2058
2808726134_1.jpg
982 1015 2074 2027
2809056479_1.jpg
306 275 804 706
2809588534_1.jpg
1109 847 2138 1894
2810599755_1.jpg
405 1171 1575 2116
2810719929_1.jpg
1007 371 1894 1312
2810940241_1.jpg
154 125 493 444
2813805354_1.jpg
155 193 428 470
2813933393_1.jpg
217 140 597 497
2815337739_1.jpg
110 271 702 831
2815405614_1.jpg
131 288 483 629
2815981843_1.jpg
500 627 1125 1271
2815981843_2.jpg
699 568 1381 1272
2816017219_1.jpg
530 1063 1580 2116
2816846040_1.jpg
971 905 1963 1870
2816884634_1.jpg
477 500 975 942
2816911718_1.jpg
657 635 1334 1306
2817580682_1.jpg
834 964 1763 1890
2818507235_1.jpg
682 586 2535 2616
2821337875_1.jpg
322 312 688 607
2822983493_1.jpg
368 373 729 733
2822983493_2.jpg
328 326 638 646
2822983493_3.jpg
292 315 602 614
2823021392_1.jpg
801 615 1825 1472
2823022939_1.jpg
533 512 1062 1017
2824129532_1.jpg
937 993 2009 1886
2826061016_1.jpg
918 470 1797 1390
2826219311_1.jpg
979 973 1925 1960
2826239873_1.jpg
831 849 1698 1651
2826630295_1.jpg
328 332 634 659
2826630965_1.jpg
295 321 573 603
2826953443_1.jpg
1110 362 2895 2176
2828057266_1.jpg
766 765 1517 1501
2828699255_1.jpg
407 69 1256 968
2830068322_1.jpg
407 603 1026 1104
2830081484_1.jpg
612 1064 1693 1917
2830279146_1.jpg
184 487 974 1196
2831214703_1.jpg
448 359 881 786
2831234659_1.jpg
523 523 1026 1028
2831234659_2.jpg
532 539 1060 1057
2831964442_1.jpg
197 326 614 737
2832087247_1.jpg
550 567 1115 1097
2832087247_2.jpg
429 478 898 850
2832573490_1.jpg
605 471 1336 1166
2833382427_1.jpg
308 563 971 1206
2833753426_1.jpg
315 330 630 619
2833753426_2.jpg
298 326 634 622
2834344907_1.jpg
865 846 1704 1694
2836527486_1.jpg
155 193 427 469
2837076619_1.jpg
436 523 2694 2702
2837874919_1.jpg
233 287 507 561
2837939503_1.jpg
311 277 590 568
2837948229_1.jpg
409 378 789 768
2838782176_1.jpg
281 361 644 715
2838782582_1.jpg
87 307 462 670
283895953_1.jpg
224 395 624 742
2839127417_1.jpg
321 301 635 613
2839174741_1.jpg
284 278 567 566
2840009780_1.jpg
278 288 559 571
2842060169_1.jpg
127 380 507 746
2842543891_1.jpg
394 341 782 690
2842853546_1.jpg
346 338 679 678
2843934111_1.jpg
1237 1073 2495 2248
284499652_1.jpg
547 992 1515 1820
2847910753_1.jpg
463 202 994 704
2848544488_1.jpg
303 455 753 872
2848964141_1.jpg
199 262 476 537
2849785904_1.jpg
294 244 581 514
2849854366_1.jpg
50 395 504 800
2850227095_1.jpg
1055 901 2036 1894
2850228639_1.jpg
999 885 1999 1918
2850359046_1.jpg
212 309 592 734
2851029498_1.jpg
1023 713 2062 1786
2851040724_1.jpg
1201 650 2321 1800
2851042664_1.jpg
1006 676 2045 1842
2851045896_1.jpg
919 786 1814 1682
2851148894_1.jpg
422 312 856 740
2852014535_1.jpg
158 143 440 404
2853173185_1.jpg
328 193 652 505
2853185850_1.jpg
335 344 677 671
2853873126_1.jpg
290 275 588 563
2854289847_1.jpg
585 970 1711 2211
2857823310_1.jpg
444 427 824 825
2857823310_2.jpg
458 451 878 880
2858826857_1.jpg
1065 719 2031 1760
2858827135_1.jpg
1086 790 1991 1792
2859531900_1.jpg
467 794 1455 1871
2861015002_1.jpg
347 201 663 524
2861845083_1.jpg
784 744 1410 1451
2861948045_1.jpg
1024 707 1904 1690
2861948517_1.jpg
1009 836 1873 1788
2862378871_1.jpg
289 288 568 567
2862779132_1.jpg
1048 789 1986 1762
2862780316_1.jpg
1056 823 2008 1839
2863358045_1.jpg
841 902 1743 1700
2863670139_1.jpg
564 801 1361 1593
2864260911_1.jpg
1410 978 2874 2312
2864812753_1.jpg
616 639 1265 1267
2864812753_2.jpg
513 703 1172 1368
2864905534_1.jpg
384 1376 2030 2887
2865881929_1.jpg
523 560 1094 1059
2865980402_1.jpg
554 535 1014 1020
2867434117_1.jpg
333 293 902 782
2867659261_1.jpg
968 714 2034 1825
2868155068_1.jpg
459 501 984 991
2868566775_1.jpg
298 207 605 499
2869128864_1.jpg
313 456 767 914
2869939639_1.jpg
443 462 889 866
2869939639_2.jpg
547 531 1077 1058
2869939639_3.jpg
451 442 877 883
2871609349_1.jpg
123 403 535 787
2872584528_1.jpg
242 166 634 502
2875351769_1.jpg
572 358 1138 914
2876086461_1.jpg
291 246 622 553
2876269569_1.jpg
808 570 2121 1854
2876276251_1.jpg
702 475 2108 1925
2876286822_1.jpg
450 879 1420 1720
2876924522_1.jpg
277 196 578 484
2877095014_1.jpg
781 609 2039 1866
2877384571_1.jpg
727 1089 2190 2514
2877388805_1.jpg
757 778 1543 1507
2879006749_1.jpg
256 145 603 482
2879155528_1.jpg
322 319 641 642
2879155528_2.jpg
287 291 585 584
2879451526_1.jpg
331 382 869 881
2879485750_1.jpg
278 292 671 680
2879550020_1.jpg
839 716 1823 1623
2879755333_1.jpg
431 826 1256 1652
2880878213_1.jpg
354 360 701 704
288094234_1.jpg
674 579 1751 1815
2882149940_1.jpg
544 529 1012 1019
2882152573_1.jpg
723 699 1452 1411
2882152593_1.jpg
460 928 1681 2136
2882152659_1.jpg
365 360 738 721
2882168825_1.jpg
489 340 923 769
288343911_1.jpg
696 610 1400 1299
288343911_2.jpg
688 693 1366 1368
288344083_1.jpg
445 702 1144 1387
288344083_2.jpg
679 667 1346 1322
288344083_3.jpg
570 575 1147 1147
288346752_1.jpg
677 906 1896 2099
2887911765_1.jpg
351 404 771 713
2889009039_1.jpg
317 281 656 616
2890129701_1.jpg
126 189 669 743
289029016_1.jpg
354 269 709 601
2890964494_1.jpg
21 89 621 670
2891259033_1.jpg
230 191 556 506
2891449285_1.jpg
424 416 826 818
2893839207_1.jpg
244 144 583 447
2894694074_1.jpg
187 370 653 808
2895317691_1.jpg
179 162 635 524
2896253715_1.jpg
507 506 1012 1002
2898256824_1.jpg
877 315 1651 1027
2898288466_1.jpg
202 89 575 467
2898498038_1.jpg
374 390 770 767
2898498038_2.jpg
367 391 757 764
2898498038_3.jpg
324 346 699 690
2899042869_1.jpg
67 385 556 857
290160311_1.jpg
210 328 562 662
2904389281_1.jpg
284 172 603 467
2906597545_1.jpg
969 704 2068 1740
2906680022_1.jpg
326 344 676 677
2908244346_1.jpg
788 239 1977 1490
2908549_1.jpg
74 276 371 553
2911244712_1.jpg
50 211 304 483
2912595996_1.jpg
94 186 512 580
291331356_1.jpg
157 301 507 630
2914754366_1.jpg
1054 722 2048 1797
291541184_1.jpg
110 25 406 325
2915550024_1.jpg
401 416 828 819
2917514517_1.jpg
905 537 2099 1589
2917878894_1.jpg
604 653 1218 1203
291888779_1.jpg
108 156 565 564
2919219678_1.jpg
268 197 660 609
292071013_1.jpg
1024 1084 2119 2102
2920710678_1.jpg
323 194 795 709
292114712_1.jpg
430 333 913 820
2921334922_1.jpg
199 553 1349 1443
2921334924_1.jpg
346 846 1121 1434
2921334928_1.jpg
214 645 816 1100
2921367538_1.jpg
684 683 1354 1335
2921367538_2.jpg
562 649 1180 1083
2921367780_2.jpg
533 603 1144 1050
2921368012_2.jpg
499 705 1109 1187
2921368242_1.jpg
589 660 1217 1119
2921821351_1.jpg
248 217 776 683
2922728404_1.jpg
389 183 1108 718
2923854121_1.jpg
404 218 1234 1005
2924895893_1.jpg
212 336 528 672
2925378694_1.jpg
525 329 1048 847
2925420542_1.jpg
531 551 1091 1107
2926246380_1.jpg
332 198 630 507
2927565564_1.jpg
497 368 963 853
2931219937_1.jpg
24 373 485 742
2932055669_1.jpg
467 752 1831 1895
293279342_1.jpg
600 539 1218 1073
2933512856_1.jpg
312 307 613 612
2934075713_1.jpg
231 39 770 576
2934932210_1.jpg
164 106 613 576
2935679960_1.jpg
609 166 1133 886
2936371006_1.jpg
1140 759 2279 1861
2936371718_1.jpg
841 843 1676 1648
2936372160_1.jpg
755 802 1561 1559
2937757570_1.jpg
1121 26 3273 2185
2938251541_1.jpg
142 361 510 713
2938258611_1.jpg
165 305 469 582
2938393693_1.jpg
184 200 559 585
2939104600_1.jpg
143 334 550 743
2939107478_1.jpg
86 373 563 925
2939119284_1.jpg
230 363 530 707
2939528463_1.jpg
25 448 520 915
2939530219_1.jpg
1317 636 2502 1888
2939732721_1.jpg
731 692 2630 2211
2940585434_1.jpg
998 912 2154 1803
2940587892_1.jpg
911 928 2729 2322
2941961941_1.jpg
431 468 2583 2546
2942017513_1.jpg
358 38 648 359
2942506445_1.jpg
591 598 1169 1166
2942906283_1.jpg
540 465 939 967
2943357054_1.jpg
654 678 1345 1353
2943360326_1.jpg
310 314 629 614
2943361594_1.jpg
430 430 836 847
2943363160_1.jpg
411 978 1401 2027
2944315612_1.jpg
196 515 1164 1424
2945207608_1.jpg
1111 743 2105 1835
2945212488_1.jpg
279 147 694 621
2945298787_1.jpg
503 392 1012 861
2945298787_2.jpg
465 469 916 926
2945300917_1.jpg
931 845 1911 1685
2945302269_1.jpg
923 869 1918 1727
2947090433_1.jpg
320 229 613 545
2947222498_1.jpg
804 763 1578 1560
2948551782_1.jpg
1061 789 2068 1839
2948663357_1.jpg
250 187 568 507
294910692_1.jpg
400 459 864 809
294910698_1.jpg
1413 703 2893 1677
2950198886_1.jpg
504 202 1009 684
2950368779_1.jpg
46 236 375 617
2950978886_1.jpg
65 259 503 690
2952691495_1.jpg
793 801 1613 1591
2952986052_1.jpg
380 368 730 733
2953542090_1.jpg
908 851 1822 1764
2954583227_1.jpg
803 792 1592 1584
2957223413_1.jpg
322 318 638 632
2957223541_1.jpg
619 648 1240 1206
2957247402_1.jpg
185 314 480 625
2957533922_1.jpg
1251 406 2358 1545
2958065492_1.jpg
966 960 1886 1883
2958560071_1.jpg
452 487 969 956
2958855782_1.jpg
802 811 1609 1603
2959228565_1.jpg
267 278 568 516
295960450_1.jpg
214 453 909 1030
2960256451_1.jpg
272 173 690 531
2962206738_1.jpg
153 287 470 618
2962437091_1.jpg
367 314 654 627
2962805676_2.jpg
372 371 731 738
2962805676_3.jpg
268 283 555 545
2964968233_1.jpg
585 584 1179 1169
2965035072_1.jpg
142 341 533 764
2966782955_1.jpg
924 799 1842 1712
2966783423_1.jpg
1027 688 1968 1792
296814969_1.jpg
361 339 718 683
296814969_2.jpg
332 317 645 650
