100032540_1.jpg
543 556 1076 1091
100040721_1.jpg
229 255 435 468
100040721_2.jpg
217 215 427 426
1002681492_1.jpg
191 306 522 687
1004467229_1.jpg
79 204 264 374
100466187_1.jpg
451 406 925 961
100591971_1.jpg
360 196 759 556
100843687_1.jpg
354 196 673 522
1010057391_1.jpg
285 208 750 666
1012675629_1.jpg
293 424 727 856
1012675629_2.jpg
382 364 705 743
1018882799_1.jpg
948 904 1831 1868
1019068877_1.jpg
510 658 1105 1173
1021890651_1.jpg
233 796 1265 1919
1030333538_1.jpg
67 310 435 657
103236168_1.jpg
376 353 738 741
103236168_2.jpg
263 400 562 748
1033312112_1.jpg
557 477 1112 1055
1033312288_1.jpg
705 698 1382 1392
1037255513_1.jpg
540 373 2000 2324
103770709_1.jpg
44 249 480 640
103887554_1.jpg
881 381 1998 1459
10405146_1.jpg
556 94 1374 986
10405299_1.jpg
555 476 1090 1027
10405424_1.jpg
405 376 1039 1055
10406776_1.jpg
290 559 1032 1296
10407038_1.jpg
396 1 1269 991
104074861_1.jpg
309 466 773 997
1045887134_1.jpg
304 152 703 612
1045890692_1.jpg
420 134 799 578
1050957686_1.jpg
318 330 640 628
1050957686_2.jpg
292 277 553 563
105300174_1.jpg
342 252 857 742
105300174_2.jpg
411 443 850 912
105455387_1.jpg
559 374 1243 1211
105538305_1.jpg
273 253 706 768
106242334_1.jpg
328 185 615 511
106326063_1.jpg
599 627 1267 1294
106348540_1.jpg
168 246 620 739
106393487_1.jpg
614 1258 1860 2533
1063957157_1.jpg
18 133 539 711
10697993_1.jpg
410 281 891 755
1070861406_1.jpg
413 404 819 819
107288942_1.jpg
469 271 1107 957
107473045_1.jpg
198 1 2730 1887
107635070_1.jpg
160 19 487 435
1079156334_1.jpg
461 349 969 903
108349477_1.jpg
484 615 1022 1259
1084919955_1.jpg
139 25 650 568
109172267_1.jpg
420 400 814 805
109209934_1.jpg
597 176 1417 954
1092587063_1.jpg
311 318 608 601
110520830_5.jpg
205 43 385 210
110520830_6.jpg
51 195 222 338
110592002_1.jpg
696 1308 1931 2384
110886318_1.jpg
135 192 433 477
110890106_1.jpg
391 342 722 723
1110051647_1.jpg
438 448 862 864
1110051647_2.jpg
354 363 706 716
1111575413_1.jpg
184 189 368 379
111168419_1.jpg
26 69 304 363
1112052992_1.jpg
277 405 688 816
111247636_1.jpg
267 315 635 673
111287440_1.jpg
155 211 364 422
111510095_1.jpg
197 90 411 336
1115234911_1.jpg
346 530 815 1160
111714273_1.jpg
180 75 667 597
111835766_1.jpg
213 99 403 306
111836119_1.jpg
215 213 414 417
112117768_1.jpg
410 247 878 745
1124465440_1.jpg
430 457 838 832
1125456779_1.jpg
286 342 603 660
112655203_1.jpg
426 752 1129 1370
1128654081_1.jpg
160 316 542 738
1129801707_1.jpg
96 126 683 682
11329920_1.jpg
391 633 954 1275
1142136696_1.jpg
207 195 394 403
114226877_1.jpg
425 564 969 1078
1144216773_1.jpg
374 520 908 1028
114487865_1.jpg
1011 914 1784 1859
114501272_1.jpg
1167 1148 2345 2274
114530171_1.jpg
315 277 621 600
1150779944_1.jpg
494 568 1012 1153
1156177278_1.jpg
379 326 1365 1447
11564757_1.jpg
82 7 367 279
11564757_2.jpg
71 281 351 548
115774957_1.jpg
220 148 532 481
1160859039_1.jpg
373 268 763 602
1163855977_1.jpg
861 819 1654 1720
1165647416_1.jpg
190 214 474 549
1166270350_1.jpg
299 260 563 560
1167462532_1.jpg
183 214 520 542
117402372_1.jpg
269 266 636 638
117518507_1.jpg
618 918 1754 2239
117634057_1.jpg
251 309 627 780
117932364_1.jpg
338 325 891 851
1181568002_1.jpg
782 1229 1954 2295
118471529_1.jpg
57 233 415 556
118554337_1.jpg
1274 269 2636 1636
118736691_1.jpg
342 529 1141 1330
118736733_1.jpg
111 289 559 684
118736733_2.jpg
399 290 771 696
118736828_1.jpg
448 491 888 916
118737215_1.jpg
238 712 947 1393
1188369899_1.jpg
85 323 670 829
118929551_1.jpg
624 646 1339 1514
1195037433_1.jpg
130 213 444 542
1198061571_1.jpg
817 867 1933 1955
1199742157_1.jpg
339 439 701 856
1207566864_1.jpg
132 283 534 684
1207662328_2.jpg
326 325 648 653
120801881_1.jpg
235 239 525 541
1208068331_1.jpg
118 452 1654 1770
121204156_1.jpg
245 57 642 416
1212934783_1.jpg
734 1010 1706 1931
121442928_1.jpg
322 245 663 603
121720434_1.jpg
173 334 478 612
1218567979_2.jpg
346 343 676 681
1218567979_3.jpg
265 353 573 702
1220825867_1.jpg
242 509 746 1023
122276700_1.jpg
226 311 519 620
1223190031_1.jpg
227 409 575 827
1224500832_1.jpg
634 244 3236 2336
1227072121_1.jpg
351 293 848 784
122942927_1.jpg
159 274 437 564
1233476865_1.jpg
867 559 2228 1952
1234292822_1.jpg
1004 683 2125 2020
1238081332_1.jpg
272 322 565 653
1238488784_1.jpg
591 537 1163 1085
1240101737_1.jpg
827 975 1716 1895
1240746154_1.jpg
104 59 375 321
1242475639_1.jpg
144 3 678 502
12425820_1.jpg
265 282 548 558
124399360_1.jpg
443 410 822 825
124787194_1.jpg
372 346 734 738
1252885598_1.jpg
834 210 1668 1074
1259817140_1.jpg
744 753 1476 1472
126229661_1.jpg
391 653 1059 1403
1263447841_1.jpg
460 233 1051 801
1265948983_1.jpg
275 249 624 594
1265969136_1.jpg
177 241 512 594
1266283652_1.jpg
440 486 907 919
1266283652_2.jpg
391 387 770 767
126968967_1.jpg
740 575 1610 1453
1269816217_1.jpg
287 297 569 566
1269874180_1.jpg
387 1372 1778 2636
1270609209_1.jpg
259 278 555 596
1270798682_2.jpg
294 290 572 589
1271089376_1.jpg
432 389 844 848
1271089376_2.jpg
433 448 854 838
127567332_1.jpg
224 146 553 506
127627778_1.jpg
227 88 480 375
1279298224_1.jpg
473 646 1222 1419
12799337_1.jpg
273 424 1015 1151
1281789661_1.jpg
438 559 946 1136
128244378_1.jpg
687 773 1429 1605
1290921548_1.jpg
529 539 1056 1060
129408727_1.jpg
378 362 754 750
129594949_1.jpg
338 45 853 512
129647068_1.jpg
313 57 1280 960
1297446285_1.jpg
276 117 1327 1515
1302175180_1.jpg
414 253 828 731
130361594_1.jpg
463 456 908 914
130625688_1.jpg
205 331 544 657
1308054912_1.jpg
279 317 628 684
1308649036_1.jpg
270 230 644 628
130893906_1.jpg
18 385 528 955
130927718_1.jpg
407 425 814 807
1312213009_1.jpg
374 380 741 734
1313109242_1.jpg
503 498 1001 1000
131437823_1.jpg
12 26 378 444
131787989_1.jpg
331 128 688 492
131853693_1.jpg
562 527 996 1051
1327964792_1.jpg
599 944 1891 2395
1328530642_1.jpg
1008 603 1967 1524
133275383_1.jpg
314 500 1338 1517
133275413_1.jpg
534 542 1074 1068
1336365736_1.jpg
269 28 753 471
1342606231_1.jpg
712 863 2248 2455
1344304961_1.jpg
318 417 722 835
1344739819_1.jpg
338 343 669 679
134979550_1.jpg
281 286 637 643
135246139_1.jpg
550 653 1191 1320
1353029373_1.jpg
338 340 673 675
1353452443_1.jpg
1145 570 2256 1722
1356888436_1.jpg
131 142 536 501
1356962652_1.jpg
264 288 537 595
1357085028_1.jpg
532 737 1203 1350
13601258_1.jpg
278 325 764 791
13601448_1.jpg
292 312 787 762
13601661_1.jpg
318 415 722 814
13602254_1.jpg
398 311 857 768
13653802_1.jpg
129 419 513 798
137346980_1.jpg
181 445 615 873
1375169218_1.jpg
66 267 359 572
1377746898_1.jpg
307 230 731 665
13789611_1.jpg
457 495 907 879
1379651992_1.jpg
1044 941 2298 2081
1382054700_1.jpg
110 181 471 539
1384775111_1.jpg
331 353 770 816
1385689774_1.jpg
335 83 766 578
1392458475_1.jpg
616 594 1201 1215
1394430375_1.jpg
486 448 892 919
13970241_1.jpg
236 348 561 652
1399115619_1.jpg
418 316 883 810
1402640447_1.jpg
333 142 782 593
1404106170_1.jpg
253 2 733 523
1404860998_1.jpg
360 102 617 440
1405372343_1.jpg
272 400 681 862
140606432_1.jpg
182 128 529 450
1407641926_1.jpg
437 1046 1618 2197
1408008592_1.jpg
481 79 1580 1124
1408606093_1.jpg
483 215 952 705
1409035501_1.jpg
726 130 1406 919
1409035501_2.jpg
550 791 1311 1513
1411496009_1.jpg
230 219 768 789
1412970826_1.jpg
391 215 808 708
1413333405_1.jpg
454 325 892 817
1414607508_1.jpg
808 752 1517 1541
141794264_1.jpg
348 473 788 870
1418178512_1.jpg
181 112 570 553
1418180068_1.jpg
227 168 528 503
1418181204_1.jpg
167 149 501 475
1419222657_1.jpg
364 286 930 968
1419583212_1.jpg
495 470 907 936
1420413841_1.jpg
424 273 832 673
1420413841_2.jpg
311 296 607 601
1421150832_1.jpg
291 536 1201 1597
1422581646_1.jpg
709 549 1309 1281
1422700214_1.jpg
1206 168 2875 2034
1425317189_1.jpg
590 351 1122 941
1425321029_1.jpg
431 246 888 742
1425648903_1.jpg
383 388 764 768
1425648903_2.jpg
306 308 611 608
1426539072_1.jpg
395 403 784 774
1426539072_2.jpg
343 344 681 668
1426553012_1.jpg
321 328 643 654
142661608_1.jpg
255 376 614 716
1427742925_1.jpg
1149 311 3546 2689
1429029478_1.jpg
590 446 1178 1072
1429860583_1.jpg
173 293 455 570
1430618662_1.jpg
234 143 540 449
143196796_1.jpg
473 533 964 1072
1434217156_1.jpg
717 1027 1867 2149
143588896_1.jpg
609 713 2000 2038
1436253170_1.jpg
703 715 1375 1387
1437632861_1.jpg
473 448 1125 1070
143950153_1.jpg
340 179 1475 1137
1439641049_1.jpg
616 610 1204 1221
14403172_1.jpg
493 528 988 986
1440499238_1.jpg
672 622 1307 1275
1440500396_1.jpg
410 406 782 777
1440501186_1.jpg
313 320 610 612
1440954129_1.jpg
302 147 709 547
1440954875_1.jpg
198 136 672 640
1443377029_1.jpg
543 534 1074 1072
144402621_1.jpg
329 297 645 637
1447083015_1.jpg
451 457 877 875
1447762196_1.jpg
209 390 571 723
144837725_1.jpg
276 261 529 537
145548320_1.jpg
448 575 2259 2352
1455826575_1.jpg
222 380 599 770
1458242965_1.jpg
394 410 786 781
1458971524_1.jpg
387 391 763 774
1459110420_1.jpg
382 377 753 750
1461557880_1.jpg
483 561 1160 1208
146623854_1.jpg
293 316 714 681
1466887621_1.jpg
510 513 977 994
1467878637_1.jpg
243 287 810 901
146827737_1.jpg
286 137 577 440
1468798538_1.jpg
763 704 1440 1468
146978430_1.jpg
225 103 549 392
146978430_2.jpg
332 355 662 624
1470006576_1.jpg
614 592 1193 1198
147110327_1.jpg
571 1145 1811 2309
1471928356_1.jpg
184 205 478 485
147226455_1.jpg
548 518 1045 1045
1477005205_1.jpg
462 485 1145 1121
148348993_1.jpg
455 729 1750 1916
148351850_1.jpg
510 507 1015 1017
149162488_1.jpg
360 333 644 676
149773224_1.jpg
460 454 1918 1770
1499030378_1.jpg
176 255 540 670
15024375_1.jpg
55 183 1026 1263
150324675_1.jpg
290 39 594 343
1504594019_1.jpg
762 548 1647 1408
150557677_1.jpg
403 48 846 547
150766294_1.jpg
467 494 1320 1233
150766294_2.jpg
740 729 1455 1433
1507775914_1.jpg
241 266 763 770
1515641689_1.jpg
348 359 697 703
1515641689_2.jpg
329 260 640 583
1515681113_1.jpg
258 212 577 540
1517093691_1.jpg
407 114 790 521
151902153_1.jpg
880 1045 1884 2108
151905797_1.jpg
866 927 2304 2413
151906456_1.jpg
751 1009 2304 2780
1522875567_1.jpg
296 156 623 507
1525046335_1.jpg
772 1046 1890 2150
1525918600_1.jpg
933 1718 2720 3287
1527094652_1.jpg
337 336 651 653
1528184869_1.jpg
34 415 1359 1713
1529613122_1.jpg
394 301 775 705
153057847_1.jpg
225 66 538 377
1537303575_1.jpg
281 257 558 546
1541108261_1.jpg
329 147 882 731
1543376624_1.jpg
901 645 1828 1604
15451707_1.jpg
367 211 723 588
154598717_1.jpg
102 71 529 530
154598718_1.jpg
42 93 343 442
155093594_1.jpg
299 265 536 571
155271502_1.jpg
189 309 770 789
1553164891_1.jpg
510 184 1064 734
155338254_1.jpg
239 77 536 391
155393981_1.jpg
371 814 2094 2701
1557684070_1.jpg
664 684 1257 1289
1563845683_1.jpg
498 487 971 976
1563845683_2.jpg
464 443 859 894
1571181976_1.jpg
881 837 1649 1695
1571340973_1.jpg
74 367 558 842
158249995_1.jpg
175 166 477 424
1586174785_1.jpg
957 485 2269 1725
1589999087_1.jpg
411 266 846 681
1593252454_1.jpg
263 522 764 1051
1599258772_1.jpg
107 40 343 330
160529391_1.jpg
546 384 1302 1203
160565613_2.jpg
567 324 1125 845
1613734064_1.jpg
73 106 427 486
161795809_1.jpg
275 406 655 748
161868885_1.jpg
21 8 480 484
1620560362_1.jpg
559 792 1704 1934
1629243_1.jpg
282 155 553 428
163480244_1.jpg
1328 130 2803 1875
16422719_1.jpg
296 262 635 539
164260909_1.jpg
296 68 664 450
164403300_1.jpg
118 304 762 1019
164866565_1.jpg
414 408 806 812
16542667_1.jpg
400 105 840 529
16547388_1.jpg
489 101 964 559
1657179414_1.jpg
312 83 611 388
1657180938_1.jpg
202 34 601 465
1657180938_2.jpg
442 443 859 908
166033328_1.jpg
233 292 525 586
166874039_1.jpg
795 303 1668 1186
166874696_1.jpg
545 538 1079 1059
1673608778_1.jpg
564 1041 2238 3031
167604947_1.jpg
357 121 655 484
167629013_1.jpg
147 304 552 721
167671232_1.jpg
169 64 786 599
167671301_1.jpg
171 88 755 593
167671345_1.jpg
209 70 733 563
168907806_1.jpg
112 3 2514 1942
1689766277_1.jpg
493 314 947 823
1691280456_1.jpg
466 470 921 939
1691766_1.jpg
264 99 496 365
169346774_1.jpg
241 72 691 501
169346774_2.jpg
506 550 1010 978
169598954_1.jpg
169 253 726 849
1698375922_1.jpg
993 855 1857 1817
1700687106_1.jpg
372 364 724 777
170508172_1.jpg
884 8 2146 1363
170803072_1.jpg
462 480 888 895
1710672384_1.jpg
281 308 745 735
171198578_1.jpg
77 409 481 819
171198578_2.jpg
263 131 621 532
171907511_1.jpg
314 170 646 506
171907511_2.jpg
237 365 601 730
17192052_1.jpg
370 345 808 897
172183000_1.jpg
872 594 1788 1375
172375929_1.jpg
257 321 588 676
172972325_1.jpg
525 491 972 1009
173153701_2.jpg
326 176 647 480
173153769_1.jpg
306 308 591 571
173153923_2.jpg
213 230 423 419
17349955_1.jpg
372 408 689 710
173744986_1.jpg
305 113 635 480
173744986_2.jpg
372 350 691 716
173808384_1.jpg
333 312 657 644
173808384_2.jpg
306 297 601 585
17464842_1.jpg
424 1056 1382 1970
1752922795_1.jpg
359 304 929 960
1753022691_1.jpg
398 299 776 735
1753768714_1.jpg
539 164 1120 799
1753941007_1.jpg
290 278 663 622
1757432712_1.jpg
330 292 645 592
175991309_2.jpg
356 385 707 685
178046512_1.jpg
1008 435 2550 1888
178428696_1.jpg
341 345 673 662
1784763527_1.jpg
445 483 878 981
1793202210_1.jpg
155 204 399 455
179820698_1.jpg
780 413 2092 1660
1799534916_1.jpg
413 102 996 688
1800576628_1.jpg
509 279 1037 748
1801024299_1.jpg
426 462 879 901
1801024299_2.jpg
533 511 974 995
1801024299_3.jpg
406 385 797 805
180986261_1.jpg
241 264 625 756
1809894544_2.jpg
367 356 733 729
1812732159_1.jpg
346 60 703 445
181707205_1.jpg
1092 1345 2469 2840
181839385_1.jpg
244 178 1161 1089
182573594_1.jpg
359 264 615 610
182804431_1.jpg
128 353 465 697
183204955_1.jpg
236 92 597 417
1843394852_1.jpg
244 287 524 562
1844911065_1.jpg
287 307 592 600
1844926255_1.jpg
341 331 656 673
1844930191_1.jpg
312 334 635 652
1845765682_1.jpg
391 402 779 767
18467619_1.jpg
169 520 851 1259
18467629_1.jpg
146 310 802 1024
185377791_1.jpg
459 166 874 720
185577937_1.jpg
605 560 1092 1130
1860419055_1.jpg
680 691 1922 1959
1861774022_1.jpg
391 403 866 863
1861796452_1.jpg
474 356 988 888
186403955_1.jpg
602 673 1269 1346
1868687324_1.jpg
390 391 797 790
1878818683_1.jpg
344 358 698 689
188293705_1.jpg
477 513 960 926
1887411993_1.jpg
428 137 895 633
1895136013_1.jpg
825 580 1728 1479
190546275_1.jpg
126 321 478 700
190620212_1.jpg
300 269 573 591
1908146310_1.jpg
158 86 444 404
1909003307_1.jpg
367 409 783 860
191895648_1.jpg
156 166 505 523
192804444_1.jpg
127 238 827 994
193929298_1.jpg
1137 414 2230 1643
194136419_1.jpg
468 23 858 428
194574878_1.jpg
1051 776 2032 1796
194833666_1.jpg
318 286 589 604
1954949800_1.jpg
550 576 1085 1073
196066281_1.jpg
431 284 817 692
1961032923_1.jpg
550 415 2321 1998
19618587_1.jpg
294 206 582 495
1962410129_1.jpg
2115 19 4152 2609
1962577879_1.jpg
323 329 630 635
1982207444_1.jpg
397 408 792 799
198386414_1.jpg
144 466 1066 1447
1987283210_1.jpg
384 138 733 509
1987287630_1.jpg
345 49 699 428
199718034_1.jpg
354 126 706 490
200506188_1.jpg
358 202 683 562
2005566839_1.jpg
375 385 749 755
2005566839_2.jpg
385 388 760 772
2005566839_3.jpg
285 281 557 566
200748267_1.jpg
462 706 1137 1348
2008481784_1.jpg
62 35 430 430
2010631499_1.jpg
250 341 595 722
201678202_1.jpg
318 195 644 639
201752783_1.jpg
260 188 597 549
2024017324_1.jpg
647 936 1501 1673
202516196_1.jpg
350 372 693 700
20301003_1.jpg
25 826 970 1720
2030224419_1.jpg
239 275 1068 967
20315024_1.jpg
479 484 941 952
20315024_2.jpg
428 441 851 838
203328057_1.jpg
327 48 1069 871
2036310656_1.jpg
113 138 608 771
2038888040_1.jpg
875 213 1821 1213
2041377546_1.jpg
255 121 800 680
2042747277_1.jpg
245 231 574 583
2044659361_1.jpg
2 10 703 744
2044777702_1.jpg
467 465 926 919
2044777702_2.jpg
358 387 706 690
2045370744_1.jpg
695 658 1381 1343
2045370744_3.jpg
792 800 1526 1555
2047351146_1.jpg
229 319 527 610
2048930268_1.jpg
1017 1009 2262 2123
2054916149_1.jpg
683 5 1536 795
2056280349_1.jpg
337 329 652 687
2056886445_1.jpg
198 452 616 918
2057113858_1.jpg
227 328 633 748
2057777633_1.jpg
745 149 1588 1284
2057899604_1.jpg
201 204 402 397
205848147_1.jpg
150 623 1402 1696
2058725932_1.jpg
400 1100 2110 2810
2061605575_1.jpg
389 377 757 771
2061993362_1.jpg
1192 1106 2553 2388
2062420464_1.jpg
192 454 594 928
206273130_1.jpg
232 80 557 415
206283602_2.jpg
475 492 933 903
206413799_1.jpg
315 427 676 713
206448817_1.jpg
212 371 569 753
2064537523_1.jpg
544 738 1576 1803
2064711146_1.jpg
162 92 480 464
2065218949_1.jpg
491 208 923 667
2065219235_1.jpg
507 254 1000 667
2066231667_1.jpg
264 62 517 326
2066420581_1.jpg
393 390 783 787
2067453390_1.jpg
275 96 565 416
206905865_1.jpg
218 339 819 956
206906451_1.jpg
191 70 1367 1417
206907073_1.jpg
399 574 1082 1299
206907279_1.jpg
353 306 994 934
2070105355_1.jpg
455 457 911 899
2070105355_2.jpg
409 410 820 816
2070105355_3.jpg
407 416 798 802
2070105355_4.jpg
446 447 883 877
2070105355_5.jpg
400 406 794 785
2070484849_1.jpg
137 256 477 607
2070634156_1.jpg
256 333 614 696
2071191303_1.jpg
341 104 776 505
2071191303_2.jpg
315 449 751 889
2072336994_1.jpg
129 89 433 434
2073353251_1.jpg
199 271 471 559
2075932440_1.jpg
233 66 648 584
2076194857_1.jpg
329 377 679 762
2076592686_1.jpg
590 1419 1965 2776
2076592686_2.jpg
620 397 1727 1442
2076592686_3.jpg
1039 934 1803 1921
2078249976_1.jpg
241 267 645 757
2078419146_1.jpg
211 406 629 832
2081258704_1.jpg
404 389 772 817
2081777014_1.jpg
393 679 1108 1441
2081778308_1.jpg
579 300 1301 1011
2082180458_1.jpg
1 325 504 788
2082267415_2.jpg
547 570 1078 1119
2082267415_3.jpg
550 564 1075 1109
2082655557_2.jpg
245 277 508 538
2083040467_1.jpg
272 201 646 578
2083053412_1.jpg
449 812 1237 1579
2083979194_1.jpg
805 798 1557 1596
2084520102_1.jpg
105 330 414 627
2085165542_1.jpg
195 143 491 519
2086429604_1.jpg
397 436 858 956
208796082_1.jpg
492 466 1098 999
2088010176_2.jpg
310 329 641 677
2088010176_3.jpg
237 397 592 676
2088941067_1.jpg
260 352 589 687
2091094311_1.jpg
1321 53 3419 2483
2091167603_1.jpg
288 136 575 424
2091300387_1.jpg
242 290 498 620
2091477588_1.jpg
479 409 909 890
2091682510_1.jpg
504 162 970 661
2091918525_1.jpg
218 145 490 393
2091990193_1.jpg
362 566 898 1098
2092281650_1.jpg
381 132 758 511
2093465867_1.jpg
335 322 633 656
2093746851_1.jpg
574 614 1209 1187
2093747255_1.jpg
446 439 874 878
2094505527_1.jpg
119 410 503 826
2096196849_1.jpg
789 615 1786 1718
2096500784_1.jpg
656 876 1489 1708
2097991401_1.jpg
474 470 933 924
2097991401_2.jpg
450 259 891 694
2097991401_3.jpg
412 278 827 662
209833308_1.jpg
449 332 993 852
2098713580_1.jpg
552 570 1085 1059
2098713580_2.jpg
335 426 745 938
2099071245_1.jpg
541 232 2284 1951
2099071761_1.jpg
20 181 2259 2397
2099073485_1.jpg
507 1036 1960 2469
2099144186_1.jpg
217 223 500 492
2100602343_1.jpg
591 827 1398 1588
2100608030_1.jpg
559 578 1351 1360
2100608030_2.jpg
556 627 1193 1280
2101754919_1.jpg
680 868 1506 1650
2102099439_1.jpg
398 420 786 825
2102458056_1.jpg
318 202 666 587
2103921848_1.jpg
367 355 713 707
210422851_1.jpg
521 505 1026 1001
2104329024_1.jpg
164 425 1992 2548
2104338762_1.jpg
479 271 1048 841
2104726907_1.jpg
179 49 759 613
2104855895_1.jpg
324 336 659 651
2106008703_1.jpg
389 605 1005 1237
2106011059_1.jpg
386 673 1075 1391
2106789492_1.jpg
173 529 683 1022
2106937488_1.jpg
67 284 366 611
2108298351_1.jpg
322 326 618 620
2108725174_1.jpg
451 118 1142 965
2109187532_1.jpg
383 421 829 887
2109755281_3.jpg
758 947 1687 1843
2109755281_4.jpg
770 986 1716 1893
2113106881_1.jpg
85 192 596 717
211373432_1.jpg
333 290 624 646
2113885560_1.jpg
417 409 805 832
2115342511_1.jpg
86 82 599 587
2115806866_1.jpg
350 132 708 509
2115806866_2.jpg
259 269 519 533
2115806866_3.jpg
259 257 520 520
21161074_1.jpg
395 509 983 1120
2116626844_2.jpg
424 456 832 863
2117134810_1.jpg
505 532 970 1013
2117789390_1.jpg
314 301 607 617
2118321955_1.jpg
204 63 613 428
2118601275_1.jpg
457 382 861 855
2118655483_1.jpg
797 874 1628 1796
2119231041_1.jpg
236 56 508 305
212409770_1.jpg
452 530 988 1124
2124608043_1.jpg
332 164 772 605
2124611787_1.jpg
391 259 774 629
2124708927_1.jpg
216 155 588 585
2124851274_1.jpg
483 469 943 951
212515669_1.jpg
159 191 516 571
212515672_1.jpg
36 401 808 992
2125387076_1.jpg
297 238 663 607
2125467698_1.jpg
282 149 576 499
2127986751_1.jpg
235 196 599 582
212960843_1.jpg
365 335 633 679
2129982991_1.jpg
418 609 1857 2031
213033315_1.jpg
407 405 751 813
213033657_1.jpg
340 368 702 748
213034581_1.jpg
340 294 657 683
213034733_1.jpg
437 412 825 851
2130531101_1.jpg
321 695 955 1278
2134232899_1.jpg
382 383 752 748
2134232899_2.jpg
349 338 674 684
2134243149_1.jpg
371 376 732 721
2134243149_2.jpg
313 292 601 607
2134262703_1.jpg
318 305 615 621
2134262703_2.jpg
303 300 597 622
2134266399_1.jpg
381 371 731 747
213440091_1.jpg
236 326 505 639
213442073_1.jpg
175 401 567 863
2135034002_1.jpg
383 404 737 741
2135432270_1.jpg
523 629 1152 1260
2136232809_1.jpg
133 314 524 678
213643624_2.jpg
229 166 808 789
213729601_1.jpg
509 435 893 920
2137551460_1.jpg
404 438 835 873
2138195672_1.jpg
243 331 588 703
2138681738_1.jpg
687 264 2120 2192
2138851191_1.jpg
515 827 2418 2780
2139626906_1.jpg
1181 1144 2218 2310
2139633946_1.jpg
705 709 1406 1391
2139663057_1.jpg
560 561 1102 1140
2139663057_2.jpg
408 537 928 1071
2139669544_1.jpg
383 885 2248 2829
2139691983_1.jpg
311 302 590 612
2139755289_1.jpg
952 443 1875 1381
2139767101_1.jpg
314 319 597 591
2139767101_2.jpg
273 266 539 546
2139831977_2.jpg
321 399 716 794
2140513376_1.jpg
697 767 1396 1529
2140530512_1.jpg
628 602 1187 1225
2140556694_1.jpg
251 250 513 510
2140556694_2.jpg
249 249 500 511
2140620254_1.jpg
394 423 786 820
2140620254_2.jpg
369 370 739 758
214426541_2.jpg
629 321 1253 964
214778625_1.jpg
233 435 664 885
2150051470_1.jpg
478 605 1281 1400
2150051470_2.jpg
575 773 1279 1588
2150058510_1.jpg
828 507 1506 1303
215033154_1.jpg
36 526 695 1153
2151607444_1.jpg
844 1086 2013 2167
2152239275_1.jpg
607 160 1466 959
2152239275_2.jpg
634 153 1467 959
2156807524_1.jpg
385 405 787 769
21582960_1.jpg
633 680 1579 1728
2158901099_1.jpg
247 105 573 435
216195276_1.jpg
337 353 646 707
2163071133_1.jpg
905 755 1683 1607
2163747900_1.jpg
255 97 689 560
2163829312_1.jpg
652 753 1388 1481
2164052578_1.jpg
473 268 1650 1484
2164761297_1.jpg
236 306 511 576
2164847927_1.jpg
317 164 692 562
2165005475_1.jpg
315 99 1028 785
2165347834_1.jpg
365 223 771 662
2165528796_1.jpg
200 366 538 722
2165528796_2.jpg
266 173 594 520
2165593916_1.jpg
373 247 866 766
2166384323_1.jpg
173 329 507 731
2167059698_1.jpg
438 464 866 850
2167135339_1.jpg
616 731 1336 1424
2167135339_2.jpg
513 512 1041 1048
2167180876_1.jpg
450 450 878 897
2167874246_1.jpg
898 802 1816 1852
2168442441_1.jpg
428 332 1020 945
2168442533_1.jpg
291 301 586 583
2168477255_1.jpg
279 360 716 796
2169267682_1.jpg
258 150 589 502
2169268854_1.jpg
329 309 635 643
2169601621_1.jpg
440 438 868 904
2170250827_1.jpg
266 413 652 805
2170402460_1.jpg
821 424 1722 1291
21705205_1.jpg
784 728 1638 1582
21710996_1.jpg
739 1012 1695 1966
2172479811_1.jpg
830 751 1548 1613
2173271902_1.jpg
543 1049 2336 2939
2175042512_1.jpg
181 424 598 859
2175629058_1.jpg
551 536 1048 1088
2177168298_1.jpg
319 227 759 634
2177175118_1.jpg
798 829 1624 1604
2180195389_1.jpg
334 324 638 655
2181559194_1.jpg
1338 343 2529 1920
2182024730_1.jpg
325 162 745 566
2182951022_1.jpg
191 11 496 324
2184781988_1.jpg
264 361 607 747
2185205964_1.jpg
413 678 1085 1371
2185205964_2.jpg
410 667 1084 1369
218904413_1.jpg
703 202 1529 914
218904413_2.jpg
228 801 952 1424
218904494_1.jpg
323 510 797 898
2189567066_1.jpg
603 510 1527 1369
2190740171_1.jpg
392 356 790 787
2190903226_1.jpg
872 1165 1818 2387
2191376922_1.jpg
132 255 747 940
2191423425_1.jpg
273 361 586 697
2191845292_1.jpg
645 632 2048 2091
2193408004_1.jpg
252 102 499 390
2193639644_1.jpg
2 65 477 576
2194332767_1.jpg
419 138 975 652
2195120494_1.jpg
515 217 959 704
2195120626_1.jpg
321 288 589 628
2195220502_1.jpg
505 510 1051 1017
2195358708_1.jpg
654 293 1239 915
219669940_1.jpg
105 113 457 476
2196749951_1.jpg
680 958 1578 1762
219709038_1.jpg
269 308 569 639
2198286445_1.jpg
329 707 1003 1311
2200344234_1.jpg
814 535 1541 1362
2200730806_1.jpg
924 552 2169 1849
2200760295_1.jpg
358 239 778 686
2201151487_1.jpg
477 173 929 679
2201910996_1.jpg
356 127 761 553
2201942026_1.jpg
398 248 738 638
2201943712_1.jpg
316 284 572 600
2201943712_2.jpg
356 153 610 475
2202089258_1.jpg
145 5 473 342
2202741165_3.jpg
290 290 577 583
2203538277_1.jpg
291 21 557 344
2203693721_2.jpg
802 782 1593 1593
2203694817_1.jpg
901 546 1623 1372
2203695965_1.jpg
686 570 1383 1345
2203696399_2.jpg
828 378 1509 1156
2204494382_1.jpg
613 434 1226 1076
2204494382_2.jpg
640 661 1278 1310
2204495618_1.jpg
511 526 998 972
2204495618_2.jpg
512 483 971 985
2204502578_1.jpg
3 44 419 458
2205474871_1.jpg
263 331 587 652
2205474871_2.jpg
331 327 629 646
2205474871_3.jpg
322 317 623 640
2208472833_1.jpg
604 42 1342 904
2208472833_2.jpg
685 648 1319 1359
2209809995_1.jpg
306 301 599 612
2210601282_1.jpg
320 311 608 625
221068652_2.jpg
669 630 1224 1266
221068652_3.jpg
471 472 978 977
2210716757_1.jpg
305 302 606 607
2210851928_1.jpg
965 352 3140 1978
2211065399_1.jpg
232 379 583 707
2211065399_2.jpg
325 101 624 406
2211542693_1.jpg
266 273 528 540
221174143_1.jpg
151 423 548 798
221238636_1.jpg
186 338 603 784
221272641_1.jpg
429 537 966 1090
221278406_1.jpg
520 770 1494 1775
2212956363_1.jpg
776 307 1567 1036
2214566485_1.jpg
133 111 428 375
221458225_1.jpg
124 60 372 316
2214699699_1.jpg
348 190 684 536
2214772465_1.jpg
352 170 675 508
2215829570_1.jpg
521 563 1119 1154
2216045499_1.jpg
850 1068 1811 2113
221629697_1.jpg
506 1030 1532 1997
2216370944_1.jpg
33 3 577 478
2216480518_1.jpg
324 320 641 650
2218537300_1.jpg
335 151 760 584
2219165887_1.jpg
870 217 2107 1452
2220556464_1.jpg
866 812 1600 1651
2220556464_2.jpg
859 352 1922 1354
2220706683_1.jpg
270 87 784 640
2221495758_1.jpg
320 253 674 657
2222444403_1.jpg
195 406 565 838
2223862191_1.jpg
74 118 386 421
222388800_1.jpg
171 462 1057 1642
2224610174_1.jpg
443 442 840 837
2225440586_1.jpg
996 1116 1982 1885
2227646745_2.jpg
351 363 691 689
2228100915_1.jpg
342 340 686 684
2228100915_2.jpg
329 322 642 648
2228100915_3.jpg
292 284 573 575
2229166768_1.jpg
285 257 622 604
2229763779_2.jpg
264 253 526 524
2229774739_1.jpg
372 354 738 741
2229778733_1.jpg
748 99 1576 1013
2229778733_2.jpg
745 727 1445 1478
2229778733_3.jpg
548 516 1108 1117
2229778733_4.jpg
607 579 1143 1164
2229969688_1.jpg
279 267 512 528
2230569196_3.jpg
504 207 995 723
2230569196_4.jpg
448 435 834 856
2231190459_1.jpg
189 142 551 502
2231468853_1.jpg
550 525 1025 1031
2231989317_1.jpg
357 317 693 655
2232426029_1.jpg
474 448 932 938
2233231554_1.jpg
964 437 1929 1396
2233250688_1.jpg
818 905 1655 1764
2233368704_1.jpg
416 173 755 550
2233368704_2.jpg
351 338 683 687
2233368704_3.jpg
289 280 551 568
2233737284_1.jpg
203 822 996 1649
2233737284_2.jpg
612 402 1361 1153
2234753986_1.jpg
676 808 1457 1614
2236814888_1.jpg
371 368 738 735
2236814888_2.jpg
387 384 770 762
224036417_1.jpg
277 299 581 604
224036417_2.jpg
297 282 552 572
2240876637_1.jpg
570 402 1146 970
2241015901_1.jpg
1080 181 1913 1268
2241609352_1.jpg
706 32 1206 734
2242655460_1.jpg
196 135 494 408
2244553371_1.jpg
323 329 2592 2496
2246883372_1.jpg
654 793 1462 1620
224690170_1.jpg
434 424 828 854
224905605_1.jpg
368 202 723 532
2249998377_1.jpg
540 240 1338 1003
2250199357_1.jpg
353 637 918 1182
2250369835_1.jpg
334 182 656 534
2251139211_1.jpg
472 761 1166 1398
2251139211_2.jpg
514 512 1039 1032
2251201726_1.jpg
195 259 502 598
2254584858_1.jpg
562 462 1112 1017
2255538912_1.jpg
249 94 483 344
2255555023_1.jpg
284 153 616 494
2257099355_1.jpg
362 362 691 731
2257305766_1.jpg
469 228 2701 2174
2257804450_1.jpg
176 90 444 362
2258913498_1.jpg
294 287 574 566
2262286043_1.jpg
257 290 522 564
2262722996_1.jpg
133 339 432 689
2264901367_1.jpg
60 211 600 765
2267933931_1.jpg
307 233 633 546
2267947745_1.jpg
428 47 739 450
2268207831_1.jpg
100 161 368 460
2268738156_1.jpg
774 759 1533 1509
2269501063_1.jpg
584 557 1134 1161
2270525548_1.jpg
576 482 1096 1066
2276629742_1.jpg
569 586 1157 1163
2276629742_2.jpg
503 541 1006 1076
2277805385_1.jpg
280 289 564 563
2279324750_1.jpg
279 249 544 553
227943776_1.jpg
589 582 1151 1176
2282207808_1.jpg
241 383 602 786
2286067877_1.jpg
231 352 574 694
22864555_1.jpg
597 218 1419 1008
2286982317_1.jpg
463 472 917 947
2286982317_2.jpg
463 451 917 912
2289185361_1.jpg
149 93 435 448
228950047_1.jpg
85 48 384 394
2289530648_1.jpg
425 396 765 767
2289874177_1.jpg
739 277 1504 1113
2289957281_1.jpg
954 533 1917 1489
2290385398_2.jpg
750 1000 1705 1922
22920624_1.jpg
210 270 722 793
2292430114_1.jpg
260 88 525 395
2293417920_1.jpg
432 435 861 859
2293424058_1.jpg
658 675 1346 1373
2293424058_2.jpg
577 583 1136 1183
2293429456_1.jpg
743 673 1483 1421
2294325056_1.jpg
382 475 2174 2480
2295734120_1.jpg
268 265 530 542
2296662024_1.jpg
387 316 1073 1147
2296738336_1.jpg
672 659 1329 1331
2298271312_1.jpg
410 386 775 775
2300713390_1.jpg
740 492 2396 2570
2301024765_1.jpg
370 300 1078 980
230131544_1.jpg
415 382 854 820
2301548674_1.jpg
336 51 823 575
2302182824_1.jpg
175 98 475 460
2302208915_1.jpg
364 372 724 725
2302240607_1.jpg
455 489 873 872
2302240607_2.jpg
409 417 774 780
2302927584_1.jpg
273 268 553 561
2302987350_1.jpg
275 304 569 602
2303538653_1.jpg
229 218 546 506
2304061735_1.jpg
284 182 597 572
2304174066_1.jpg
144 44 467 376
230420772_1.jpg
922 835 1716 1772
2304715356_1.jpg
70 331 392 663
230499681_1.jpg
764 1089 1948 2322
230501201_1.jpg
1265 738 2354 1960
2305845249_1.jpg
322 376 679 747
2306258846_1.jpg
53 265 313 523
2306396832_1.jpg
383 154 746 604
2307775231_1.jpg
530 518 1022 1053
2308489181_1.jpg
313 291 585 598
2308489181_2.jpg
287 278 566 571
2308489181_3.jpg
320 305 619 630
2308648441_1.jpg
965 984 1868 2064
231216392_1.jpg
478 337 939 779
2312289834_1.jpg
496 473 981 921
2312507373_1.jpg
816 505 2497 2143
231292975_1.jpg
384 292 1076 970
2313830319_1.jpg
636 813 1903 2114
2314301953_1.jpg
280 186 619 521
2314307459_1.jpg
152 182 659 659
2315111554_1.jpg
242 224 683 715
2315541918_1.jpg
1139 1082 2208 2294
2317364698_1.jpg
376 379 750 745
2317364698_2.jpg
310 304 612 614
2318977243_1.jpg
1497 706 3083 2296
2320093697_1.jpg
569 805 1512 1873
2320120349_1.jpg
345 313 676 680
2320120349_2.jpg
351 311 695 690
2320215864_1.jpg
432 516 947 1114
2320302773_1.jpg
322 760 1066 1533
2321686152_1.jpg
495 613 1487 1594
232194_1.jpg
511 495 952 1033
2322139919_1.jpg
368 414 774 837
232329021_1.jpg
231 305 525 594
2324602074_1.jpg
577 401 1837 1702
2324645033_1.jpg
230 352 590 670
2325274893_1.jpg
391 385 776 780
2325274893_2.jpg
391 393 776 804
2325305205_1.jpg
379 387 761 756
2325305205_2.jpg
362 355 718 717
2325337095_1.jpg
605 601 1215 1213
2325337095_2.jpg
585 589 1145 1136
2325339957_1.jpg
572 743 1289 1473
2325339957_2.jpg
638 646 1255 1255
2326107432_1.jpg
533 833 1402 1714
2326123678_1.jpg
384 405 764 745
2326123678_2.jpg
334 353 663 662
2326138430_1.jpg
528 520 1042 1052
2326158218_1.jpg
995 1079 2030 2059
2326158218_2.jpg
726 1114 1842 2248
2326182644_1.jpg
652 500 1547 1445
2326182644_2.jpg
420 722 1204 1559
2326183026_1.jpg
856 590 1654 1472
2326647920_1.jpg
453 471 901 893
2327074205_1.jpg
619 576 1133 1184
232750395_1.jpg
347 348 692 672
232758871_1.jpg
216 162 645 600
2329090822_1.jpg
136 177 398 473
2330042311_1.jpg
91 94 421 504
2330128715_1.jpg
214 237 821 947
2330128831_1.jpg
200 394 637 878
2330128905_1.jpg
336 210 674 566
2330129299_1.jpg
217 347 720 857
2330129413_1.jpg
211 272 783 878
2330721439_1.jpg
627 599 1265 1253
2330954580_1.jpg
167 255 781 907
2330954824_1.jpg
122 121 821 972
2330955274_1.jpg
261 260 709 739
2330955410_1.jpg
323 288 700 700
2330955526_1.jpg
199 241 761 869
2330955614_1.jpg
248 335 632 763
2331075487_1.jpg
849 567 2484 2263
2331146163_1.jpg
931 1064 1836 2055
2331853202_1.jpg
179 234 467 542
2332408096_1.jpg
282 188 664 603
2333670757_1.jpg
536 867 1664 1908
233470867_1.jpg
913 861 2848 3082
2336833345_1.jpg
925 390 1806 1324
2339846774_1.jpg
333 356 608 627
233993272_1.jpg
624 451 1871 1711
2340693798_1.jpg
294 314 587 579
2340986522_1.jpg
24 440 1009 1401
2341783781_1.jpg
362 399 1061 1104
2343200154_1.jpg
1066 875 1962 1884
2343665394_1.jpg
669 677 1332 1331
2344217511_1.jpg
378 396 784 816
2344218773_1.jpg
247 349 571 712
2344219269_1.jpg
306 378 692 803
2344221437_1.jpg
263 282 540 581
2344899163_1.jpg
513 541 2023 1982
2344967158_1.jpg
280 152 719 608
2344972348_1.jpg
283 185 613 560
2344972348_2.jpg
361 359 668 707
2345048760_1.jpg
250 112 529 413
2345048760_2.jpg
315 300 604 616
2345049528_1.jpg
294 396 672 759
2346175251_1.jpg
285 263 559 572
2346354291_1.jpg
245 24 795 571
2346521154_1.jpg
548 272 1076 795
2349481463_1.jpg
971 600 2093 1735
2349731700_1.jpg
709 188 2536 1954
2350619624_1.jpg
170 231 474 552
2350688586_1.jpg
337 337 687 672
2351450794_1.jpg
1340 1602 2864 3026
2351504852_1.jpg
1532 1499 2965 3175
2351926912_1.jpg
616 394 1924 2138
2352254513_1.jpg
785 919 1745 1869
2352307187_1.jpg
880 1006 1866 2021
2352345861_1.jpg
748 797 2381 2388
2352531093_1.jpg
325 630 1777 2083
2352534555_1.jpg
730 720 1998 1924
2354287692_1.jpg
212 316 483 628
2355375119_1.jpg
948 957 2074 2185
235551382_1.jpg
51 185 402 490
2355774121_1.jpg
492 460 912 933
2355774121_2.jpg
339 353 668 645
2356460241_1.jpg
242 493 709 949
2358119745_1.jpg
242 283 522 565
2358209574_1.jpg
711 1157 1755 2164
2359007872_1.jpg
350 229 734 619
2359612328_1.jpg
844 1140 2350 2924
2360524256_1.jpg
323 338 644 628
2361275920_1.jpg
338 292 672 622
2362828916_1.jpg
1296 1435 2555 2830
2364435605_1.jpg
794 3 2935 2339
236505163_1.jpg
388 217 761 638
2365877276_1.jpg
171 15 595 439
2366695522_1.jpg
475 85 1276 836
236817064_1.jpg
284 267 659 651
236942402_1.jpg
425 120 849 621
2370158801_1.jpg
412 420 824 865
2370995384_1.jpg
432 512 937 1019
2371615952_1.jpg
1698 1632 3234 3317
237212549_1.jpg
247 149 545 485
2373667324_1.jpg
325 166 755 652
23739492_1.jpg
648 547 1442 1563
23739520_1.jpg
703 453 1492 1468
2375918801_1.jpg
218 89 483 381
237609288_1.jpg
157 184 577 613
237609290_1.jpg
168 149 583 605
2376315231_1.jpg
338 295 669 682
2376488496_1.jpg
369 140 726 492
2377409057_1.jpg
598 771 1831 1950
2378246248_1.jpg
513 835 1923 1932
2379148673_1.jpg
323 148 724 610
238277879_1.jpg
479 149 963 766
2382895882_1.jpg
993 955 2138 2283
2383880067_1.jpg
236 259 588 600
2384712054_1.jpg
323 257 675 613
2385322025_1.jpg
411 998 1469 2128
2385498145_1.jpg
458 469 914 907
2385650791_1.jpg
417 416 831 810
2385787457_1.jpg
602 770 1733 2017
2385787737_1.jpg
544 797 1806 2009
2385871165_1.jpg
234 127 521 443
2385951266_1.jpg
423 307 1578 1657
2386587221_1.jpg
229 153 557 513
2386611784_1.jpg
458 457 963 1044
2386704064_1.jpg
190 379 566 745
2386722927_1.jpg
595 599 1737 1686
2386722927_2.jpg
384 391 761 752
2388603859_1.jpg
519 512 1044 1048
2389197606_5.jpg
320 324 638 671
2389313905_1.jpg
186 367 604 752
2389790920_1.jpg
200 41 560 439
2390659302_1.jpg
1231 561 2179 1780
2392191492_1.jpg
969 907 1938 1975
2393479404_1.jpg
97 189 487 552
2393607229_1.jpg
335 338 657 660
2394089614_1.jpg
158 58 485 373
2394310531_1.jpg
588 528 1166 1115
2396310433_1.jpg
140 56 456 379
2397008230_1.jpg
2 119 312 459
2397575379_1.jpg
749 779 1536 1582
2397581549_1.jpg
819 1000 1836 2089
2397586201_2.jpg
538 494 977 1018
2397587931_1.jpg
667 571 1167 1230
2397597303_1.jpg
833 938 1666 1989
2397601939_1.jpg
602 579 1147 1181
2397869868_1.jpg
1090 363 2591 1894
2397887915_1.jpg
568 572 1061 1056
2397891505_1.jpg
291 387 666 788
2397891757_1.jpg
349 704 1001 1402
2397893035_1.jpg
586 596 1153 1205
2397897525_1.jpg
380 478 907 1032
2397898535_1.jpg
549 672 1225 1324
2397899047_1.jpg
912 728 2197 2031
2398411262_1.jpg
891 849 1794 1823
2398422506_1.jpg
496 461 932 963
2398422506_3.jpg
386 369 700 751
2398426982_1.jpg
570 932 1618 2063
2398431338_1.jpg
618 593 1129 1158
2398691129_1.jpg
647 504 1841 1744
2398716782_1.jpg
630 654 1144 1192
2398718412_1.jpg
443 434 886 885
2398723600_1.jpg
906 593 1815 1537
2398724096_1.jpg
319 464 748 940
2398724424_1.jpg
447 444 872 909
2398724830_1.jpg
651 443 1333 1160
2398725148_1.jpg
649 334 2124 1820
2398726534_1.jpg
509 753 1568 1823
240001815_1.jpg
37 92 426 629
2400986257_1.jpg
328 218 744 584
2401359779_1.jpg
717 541 1600 1416
2401967202_1.jpg
448 284 907 796
2402052185_1.jpg
334 319 643 690
2402052185_2.jpg
353 347 703 693
2402052185_3.jpg
347 360 693 698
2402251921_1.jpg
383 584 1071 1523
2402745714_1.jpg
332 308 745 732
240281904_1.jpg
571 605 1103 1142
240281904_2.jpg
461 456 883 889
240281904_3.jpg
408 404 797 797
2404966827_1.jpg
837 957 1774 1871
2404969301_1.jpg
773 820 1937 1861
2405521888_2.jpg
625 156 1414 967
2405798840_1.jpg
605 975 1670 2072
2405801774_1.jpg
639 724 1968 1902
2406130609_1.jpg
677 349 1412 1077
2406435030_1.jpg
339 227 725 618
2407195618_1.jpg
1083 705 2454 2145
2407746151_1.jpg
468 660 1229 1417
2407762189_1.jpg
293 137 590 432
2407771006_1.jpg
61 104 427 460
2408549321_1.jpg
678 704 1340 1290
2408599550_1.jpg
268 333 586 676
2408609508_1.jpg
367 177 701 538
2409386512_1.jpg
488 489 971 957
2410521422_1.jpg
578 592 1144 1180
2410522334_1.jpg
382 1094 1419 2090
2411561802_1.jpg
860 1109 1958 2196
2411620252_1.jpg
390 522 908 1036
2414075021_1.jpg
516 549 1025 1017
2414792473_1.jpg
850 135 3137 2096
2415425614_1.jpg
245 184 661 607
241618266_1.jpg
335 301 693 676
2416254762_1.jpg
169 318 496 617
2416614295_1.jpg
220 97 767 541
2417379685_1.jpg
424 102 843 537
2418314368_1.jpg
607 661 1262 1308
2419189561_1.jpg
202 1 623 456
2419679570_1.jpg
521 117 1045 738
2420389746_1.jpg
392 259 796 619
2420857139_1.jpg
248 143 520 484
2421145346_1.jpg
1335 1216 2476 2573
2421887901_1.jpg
482 508 932 931
2422195369_1.jpg
886 700 1675 1556
2423457662_1.jpg
363 297 848 773
2423457666_1.jpg
549 321 1197 969
2425505427_1.jpg
602 281 1073 826
2425505427_2.jpg
285 275 560 560
2425803315_1.jpg
418 416 819 834
2426066819_1.jpg
279 386 659 745
2426066823_1.jpg
291 241 593 554
2426631349_1.jpg
255 104 541 375
2426747542_1.jpg
290 219 652 624
2428008911_1.jpg
440 385 883 861
2428008923_1.jpg
268 385 809 913
2430537397_1.jpg
73 180 507 591
2430537549_1.jpg
190 51 611 467
2430664591_1.jpg
1042 625 2110 1771
2431003802_1.jpg
800 1007 1708 2009
243100792_1.jpg
138 204 777 768
243214217_1.jpg
653 689 1305 1315
2432280344_1.jpg
429 456 874 859
243232372_1.jpg
248 314 617 714
243232376_1.jpg
220 106 618 537
2432515626_1.jpg
258 302 539 572
2432854845_1.jpg
847 396 1710 1226
2433671054_1.jpg
436 1017 1444 2081
2434739044_1.jpg
269 24 535 298
2436151978_1.jpg
297 318 574 617
2436151978_3.jpg
363 351 695 695
2436720309_1.jpg
495 1088 2835 3386
2437352849_1.jpg
508 979 1502 1970
2437510272_1.jpg
585 303 1121 905
2437565214_1.jpg
663 763 1619 1923
243759437_1.jpg
48 198 731 855
243761838_1.jpg
189 309 585 696
2437904540_1.jpg
338 324 673 674
2439679146_1.jpg
718 721 1429 1472
2439889861_1.jpg
312 301 586 613
2439910346_1.jpg
280 319 563 637
2441411300_1.jpg
990 859 1863 1853
2441861132_1.jpg
270 264 520 536
2442107375_1.jpg
437 178 863 589
2442576256_1.jpg
38 52 1055 983
2442731862_1.jpg
226 672 836 1382
2442933686_1.jpg
262 349 642 765
2446262151_1.jpg
356 225 641 589
2446496284_2.jpg
469 470 956 974
2447154353_1.jpg
59 195 498 617
2447772018_1.jpg
290 280 555 564
2447989452_1.jpg
296 300 599 613
2448291599_1.jpg
612 777 1287 1474
2449151024_1.jpg
869 918 1726 1712
2449151024_2.jpg
706 1044 1697 1979
2449179046_1.jpg
915 645 1641 1566
2449594436_1.jpg
399 386 762 784
2449764454_1.jpg
138 58 568 453
2450984791_1.jpg
457 453 868 907
2453927669_1.jpg
156 93 942 973
2454607429_1.jpg
1103 692 2184 1818
245801293_1.jpg
513 1 1632 1049
2458204984_1.jpg
296 323 601 629
245871800_1.jpg
2 13 418 556
245873250_1.jpg
93 79 384 446
2461725904_1.jpg
416 128 813 525
2465033947_1.jpg
368 599 962 1225
2465123535_1.jpg
431 683 2534 3106
2466353526_1.jpg
861 826 1717 1722
2466415593_1.jpg
409 359 874 934
2466594504_1.jpg
302 318 596 627
2469551410_1.jpg
184 177 682 736
2472784229_1.jpg
857 1023 1927 2090
24729177_1.jpg
257 64 621 431
2473945935_1.jpg
255 177 591 534
2474157761_1.jpg
362 756 1206 1510
2476555449_1.jpg
471 436 832 880
2477515529_1.jpg
40 846 809 1495
2477515529_3.jpg
647 684 1287 1280
2477598941_1.jpg
225 273 491 565
2477698161_1.jpg
429 236 773 600
2477958141_1.jpg
362 391 770 795
2477958141_2.jpg
482 432 941 915
2478571096_1.jpg
330 261 663 551
2480602910_1.jpg
725 1118 1788 2275
248228146_1.jpg
177 65 566 483
248255433_1.jpg
207 92 488 397
2483534214_1.jpg
361 358 711 721
2483653127_1.jpg
665 675 1313 1290
2484089292_1.jpg
1228 697 2826 2296
2484463018_1.jpg
507 743 1325 1722
2485495082_1.jpg
839 843 1664 1645
248684423_1.jpg
467 191 1300 950
2487307260_1.jpg
648 646 1273 1292
2488100923_1.jpg
762 1393 2179 2717
2488505181_1.jpg
480 427 1059 1033
2489085841_1.jpg
213 445 665 903
2489465975_1.jpg
387 129 958 644
2490334278_1.jpg
1323 819 2583 2076
2491145700_1.jpg
329 535 858 1043
2492944654_1.jpg
295 1060 1341 2144
2493621535_1.jpg
667 574 1994 1960
2495649904_1.jpg
235 24 609 399
2495650350_1.jpg
227 80 542 412
2496151369_1.jpg
387 337 1330 1218
2496845639_1.jpg
562 569 1131 1133
2496847811_1.jpg
667 597 1255 1190
2497150361_1.jpg
303 298 1200 1015
2497670922_1.jpg
733 618 1450 1325
2497794830_1.jpg
184 351 458 644
2497976014_1.jpg
279 357 715 755
2497978188_1.jpg
267 446 663 793
249852286_1.jpg
490 491 982 970
249852286_2.jpg
448 261 896 718
2498590482_1.jpg
575 587 1136 1157
249871116_1.jpg
626 383 1132 980
2500088309_1.jpg
497 342 1013 905
2500088309_2.jpg
528 518 1019 1036
2500920192_1.jpg
309 302 597 609
2500920400_1.jpg
301 394 685 797
2501339174_1.jpg
1121 607 2207 1727
2501616966_1.jpg
378 223 782 657
250246725_1.jpg
497 414 1116 1065
2502797758_1.jpg
180 263 425 485
2502913945_1.jpg
596 867 1556 1765
250351361_1.jpg
202 55 592 414
2504948725_1.jpg
403 391 801 806
2504948725_2.jpg
494 491 935 970
2505523580_1.jpg
572 544 1099 1102
2506448164_1.jpg
691 1137 2315 2625
2507367343_1.jpg
324 291 783 818
2507543274_1.jpg
288 277 576 573
2508658578_1.jpg
808 512 2292 2202
2510357809_1.jpg
112 418 810 1142
2511563395_1.jpg
88 145 616 657
2511905092_1.jpg
570 382 1047 950
2512750679_1.jpg
176 1 690 551
2513178752_1.jpg
702 650 1283 1321
2514104824_1.jpg
402 149 902 599
2514843771_1.jpg
314 103 690 462
2514843829_1.jpg
293 106 673 467
251544505_1.jpg
129 28 491 419
2515668654_1.jpg
195 243 684 678
2515748640_1.jpg
541 516 1026 1081
2516299615_1.jpg
219 678 862 1306
2516806579_1.jpg
411 432 815 840
2519183112_1.jpg
601 524 1177 1116
2520325864_1.jpg
802 708 1506 1533
2521596793_1.jpg
335 345 687 714
2524358270_1.jpg
1269 558 2582 1907
2524386803_1.jpg
1431 792 3036 2339
2525080073_1.jpg
470 466 936 959
2525221598_1.jpg
836 882 1709 1716
2525904180_1.jpg
326 380 637 752
2525905984_1.jpg
322 312 615 622
2527422664_1.jpg
960 1281 2205 2664
2527922253_1.jpg
224 3 805 457
2528600614_1.jpg
581 327 1537 1418
2528689679_1.jpg
256 155 761 679
2529411571_1.jpg
890 527 1804 1415
2529462320_1.jpg
392 139 833 626
2529559836_1.jpg
489 472 942 1000
2529559836_2.jpg
411 246 794 647
252976245_1.jpg
235 330 632 700
2530498353_1.jpg
154 176 564 547
2530880920_1.jpg
541 491 1113 1132
2530880990_1.jpg
509 611 1055 1225
2532979343_1.jpg
181 546 687 1050
2532979343_2.jpg
414 426 820 809
2533221503_1.jpg
847 452 2110 1683
2533685677_1.jpg
224 306 568 601
2533685677_2.jpg
233 346 540 619
2533795622_1.jpg
360 469 822 908
2533799522_1.jpg
280 401 672 779
2533799522_2.jpg
346 352 685 680
2533908657_2.jpg
781 788 1544 1532
2533918233_1.jpg
439 895 1294 1772
2534288728_1.jpg
243 278 790 862
2534731068_1.jpg
532 783 1292 1515
2534731068_2.jpg
793 836 1573 1571
2534934254_1.jpg
295 581 828 1078
2535719318_1.jpg
442 513 934 984
2535719318_2.jpg
455 473 894 871
2535719318_3.jpg
488 470 975 947
2536015089_1.jpg
641 621 1224 1241
2536015971_1.jpg
717 596 1508 1409
2536681755_1.jpg
824 786 1560 1587
2536681755_2.jpg
710 634 1408 1367
2536832392_1.jpg
1235 535 2701 2015
2537969929_1.jpg
1259 248 2932 2001
2537972279_1.jpg
1284 538 2919 1857
2538548404_1.jpg
283 343 603 678
2538980825_1.jpg
303 299 594 589
2540009576_1.jpg
922 700 1895 1707
254040505_1.jpg
272 242 582 605
2540799498_1.jpg
760 308 1464 974
2540954257_1.jpg
268 423 687 833
2541112439_1.jpg
695 571 1381 1217
2541112439_2.jpg
623 643 1246 1219
2541125327_1.jpg
611 594 1152 1176
2541637575_1.jpg
279 257 585 593
2542834954_1.jpg
1027 487 2046 1453
2544305981_1.jpg
1162 755 2256 1878
2544306273_1.jpg
348 654 955 1350
2544738096_1.jpg
324 104 673 498
2544906205_1.jpg
423 425 813 822
2545119553_1.jpg
211 228 513 534
2545132994_1.jpg
781 740 1510 1529
2546411220_1.jpg
938 966 1872 1876
2546515404_1.jpg
428 396 857 849
2547027076_1.jpg
263 304 559 617
2547601276_1.jpg
721 554 1291 1253
2547802012_1.jpg
360 358 788 843
2547808775_1.jpg
235 291 529 588
2547890471_1.jpg
194 432 659 927
2548364697_1.jpg
355 131 757 568
2548725859_1.jpg
829 781 1474 1499
2548725859_2.jpg
756 751 1496 1475
2548725859_3.jpg
586 487 1269 1205
2548811959_1.jpg
321 406 716 815
2550281081_1.jpg
632 336 1271 935
2550744227_1.jpg
786 739 1460 1453
2550746669_1.jpg
548 555 1082 1113
2551002855_1.jpg
354 175 845 642
2551040213_1.jpg
809 808 1594 1587
2551040609_1.jpg
671 662 1274 1259
2551070375_1.jpg
822 870 1584 1612
2551561993_1.jpg
59 61 373 374
2551878386_1.jpg
416 252 910 703
2552816820_2.jpg
305 306 593 590
2552817767_1.jpg
516 536 1021 999
2553304295_1.jpg
248 395 615 793
2553304823_1.jpg
209 401 608 817
2553304823_2.jpg
372 372 734 735
2553305023_1.jpg
406 554 913 1064
2553305603_1.jpg
712 1020 1758 2077
2553305829_1.jpg
747 736 1483 1485
2553356442_1.jpg
133 1230 1720 2613
2553716827_1.jpg
58 54 421 501
2553964820_1.jpg
278 54 773 633
2554127648_1.jpg
339 295 675 653
2554129050_1.jpg
420 499 916 1009
2554717801_1.jpg
252 63 522 348
2554718441_1.jpg
273 58 577 372
2554996128_1.jpg
461 411 869 864
2558572603_1.jpg
258 145 577 470
2559502581_1.jpg
363 251 697 618
2559937512_1.jpg
154 147 436 419
2560341685_1.jpg
326 518 833 1024
2562123281_1.jpg
379 368 744 745
2563042318_1.jpg
992 902 1715 1811
2563604089_1.jpg
95 300 523 694
2564651638_1.jpg
304 258 591 605
2567215951_1.jpg
179 162 472 463
2567246289_1.jpg
295 292 760 767
2567897317_1.jpg
230 94 539 385
2568977268_1.jpg
504 529 1001 1023
2569659822_1.jpg
277 310 828 846
2570109022_1.jpg
172 347 660 766
2570281375_1.jpg
259 57 788 614
2570952491_1.jpg
1419 299 3816 2590
2570956615_1.jpg
907 314 3010 2376
2570966789_1.jpg
381 145 937 724
2570967609_1.jpg
521 509 1186 1230
2570977081_1.jpg
357 440 795 881
2571808206_1.jpg
376 564 978 1190
2571812886_1.jpg
907 526 2677 2279
2572176925_1.jpg
1290 686 3001 2271
2579350496_1.jpg
351 209 702 549
2579685145_1.jpg
572 782 1301 1510
2580555849_1.jpg
363 366 711 735
2583400257_1.jpg
58 430 625 963
2583560347_1.jpg
262 312 570 622
2583756661_1.jpg
470 490 938 962
2584222434_1.jpg
176 244 581 625
2584224650_1.jpg
131 76 594 512
2584226946_1.jpg
201 415 728 914
2584389682_1.jpg
278 349 627 694
2584392198_1.jpg
275 271 538 539
2584536815_1.jpg
103 31 514 489
2587184713_1.jpg
511 561 1382 1408
2588017894_1.jpg
413 409 779 807
258914311_1.jpg
327 130 849 630
2589513472_1.jpg
354 245 805 708
2589809231_1.jpg
274 176 627 523
2590097927_1.jpg
517 1012 1521 2013
2591957537_1.jpg
753 358 1506 1120
2592795354_1.jpg
277 347 592 669
2592795716_1.jpg
341 370 683 728
2593505397_1.jpg
281 342 968 984
2593999937_1.jpg
228 387 646 834
2594343912_1.jpg
471 464 1149 1080
2595390660_1.jpg
450 444 889 894
2595390660_2.jpg
495 429 867 922
2595390660_3.jpg
457 450 900 901
2595847708_1.jpg
316 27 966 635
2597444784_1.jpg
277 269 627 626
2598283337_1.jpg
215 285 723 702
2598926500_1.jpg
793 819 1599 1545
2598926500_2.jpg
826 832 1636 1562
2599011432_1.jpg
275 207 543 478
2599260456_1.jpg
140 226 439 533
2600292591_2.jpg
331 343 652 652
260290844_1.jpg
665 934 1547 1882
260290849_1.jpg
349 782 1720 2007
26041966_1.jpg
492 520 968 960
26041966_2.jpg
528 547 1031 1034
2606355351_1.jpg
518 252 1004 791
2607971564_1.jpg
222 96 912 823
2609109576_1.jpg
231 101 552 419
2609134545_1.jpg
223 82 524 391
2609766139_1.jpg
153 126 559 595
2610986753_1.jpg
253 103 560 426
2612796933_1.jpg
277 146 744 617
2613987958_1.jpg
559 565 1111 1100
2614190089_1.jpg
130 205 759 897
2614715469_1.jpg
629 608 1208 1238
2615660715_1.jpg
231 355 677 774
2615918865_1.jpg
583 874 1578 1939
261646976_1.jpg
509 260 1048 876
2616752441_1.jpg
557 241 1055 767
2617421168_1.jpg
468 454 853 873
2618115520_1.jpg
322 399 710 732
2618147986_1.jpg
292 284 578 581
2619325600_1.jpg
308 175 772 665
2620035751_1.jpg
284 388 626 790
2620035751_2.jpg
383 375 744 769
2620035751_3.jpg
193 361 538 731
2620035751_4.jpg
321 230 665 611
2620035751_5.jpg
364 376 724 727
2620035751_6.jpg
373 375 745 745
2620035751_7.jpg
389 375 737 740
2620035751_8.jpg
317 304 618 624
2620035751_9.jpg
368 364 713 731
2620748776_1.jpg
124 301 738 838
2622481517_1.jpg
231 352 575 691
2622481517_2.jpg
284 268 569 566
2622481519_1.jpg
258 247 558 533
2622481529_1.jpg
141 181 461 505
2622481529_2.jpg
257 314 554 612
2623755106_1.jpg
332 331 648 645
2624015355_1.jpg
298 222 551 521
2624814777_1.jpg
145 304 1615 1835
2625290035_1.jpg
650 949 1615 1955
262545392_1.jpg
369 363 728 745
262545511_1.jpg
389 367 764 764
2626551854_1.jpg
1096 418 2687 2193
2628518257_1.jpg
235 87 566 444
2628518621_1.jpg
282 152 561 401
2632393389_1.jpg
902 343 1898 1414
2634041063_1.jpg
1185 506 2868 2359
2634864392_1.jpg
1308 509 2948 2370
2634865648_1.jpg
1452 737 2831 2194
2634866872_1.jpg
1143 1237 2363 2801
2635473457_1.jpg
462 716 1465 1799
2635506982_1.jpg
374 488 796 940
263567973_1.jpg
950 724 2031 1759
2637014787_1.jpg
533 517 1009 1030
2637859146_1.jpg
484 370 1451 1335
2638234993_1.jpg
659 1030 1905 2470
2639853121_1.jpg
517 461 1016 1020
2642751678_1.jpg
398 193 783 590
2642886952_1.jpg
494 526 990 1012
2643349347_1.jpg
186 268 647 740
2643601988_1.jpg
343 457 793 935
2643601988_2.jpg
413 326 808 742
2645235152_1.jpg
333 153 645 492
2646055201_1.jpg
295 337 635 653
2649826959_1.jpg
314 307 612 590
2650258108_1.jpg
403 128 1024 815
2651816235_1.jpg
1113 1127 2171 2262
2651829477_1.jpg
374 373 727 741
2651953293_1.jpg
411 691 1047 1373
265195892_1.jpg
294 399 862 938
265196793_1.jpg
300 341 863 982
2651968449_1.jpg
765 843 1573 1673
2651987281_1.jpg
682 636 1280 1313
2652089249_1.jpg
690 584 1571 1526
2652699508_1.jpg
453 835 1263 1614
2652716534_1.jpg
341 360 702 739
2652744317_1.jpg
566 578 1142 1159
2652792032_1.jpg
690 813 1467 1574
2652853158_1.jpg
485 533 997 1016
2652858910_1.jpg
600 540 1277 1185
2652885718_1.jpg
652 649 1326 1366
2652890824_1.jpg
817 1327 2122 2667
2652906728_1.jpg
883 855 1728 1729
2654219004_1.jpg
1317 579 2440 1816
2655076570_1.jpg
369 758 1037 1357
2655475577_1.jpg
98 73 437 386
2656257353_1.jpg
225 112 739 685
2658283615_1.jpg
258 74 593 418
2658289771_1.jpg
218 275 485 581
2658697087_1.jpg
297 366 835 912
2658788209_1.jpg
544 944 1678 2076
2658969370_1.jpg
324 310 624 619
2659115078_1.jpg
318 252 636 558
2659264056_1.jpg
151 98 601 576
266036271_1.jpg
39 21 358 459
26605529_1.jpg
194 114 470 392
2662367038_1.jpg
378 376 739 745
2662819619_1.jpg
157 200 402 484
2663129694_1.jpg
80 362 463 749
26638112_1.jpg
726 127 1679 1226
2663848100_1.jpg
524 447 1036 926
2663851370_1.jpg
435 466 854 833
2664560956_1.jpg
202 259 505 625
2664748719_1.jpg
58 133 768 798
2665438753_1.jpg
340 344 662 677
2665714499_1.jpg
230 181 550 513
2665780466_1.jpg
583 617 1158 1174
2665784919_1.jpg
453 138 841 596
2665879761_1.jpg
409 99 960 664
2666384408_1.jpg
280 54 683 464
2666396914_1.jpg
202 338 683 912
2667636661_1.jpg
384 365 927 865
2667636661_2.jpg
452 433 838 900
2667636661_3.jpg
381 368 720 752
2667636661_4.jpg
414 427 830 820
2670182321_1.jpg
266 265 921 856
2671732783_1.jpg
133 48 479 401
2677149532_1.jpg
125 156 536 591
2678543215_1.jpg
896 545 2235 2139
2678954209_1.jpg
676 491 1339 1208
2680057771_1.jpg
641 27 1818 1120
2682198868_1.jpg
959 1203 2094 2352
268284860_1.jpg
665 671 1261 1342
2683325027_1.jpg
92 456 1249 1728
2685003351_1.jpg
717 933 1672 1879
2685751196_1.jpg
629 841 1916 2038
2685853470_1.jpg
766 858 1607 1697
268625316_1.jpg
284 198 567 484
268628556_1.jpg
400 142 774 534
2687936736_1.jpg
512 516 1029 1047
2688246368_1.jpg
746 764 1572 1545
2688545621_1.jpg
266 166 746 662
2689212210_1.jpg
589 789 1568 1831
2689266554_1.jpg
266 287 526 565
2689575221_1.jpg
216 300 527 616
2690491397_1.jpg
531 326 1042 815
2691986791_1.jpg
604 933 1958 2243
2692234417_1.jpg
485 703 1078 1306
2692799934_1.jpg
690 1066 1796 2145
26931199_1.jpg
375 384 775 812
2697871888_1.jpg
261 376 596 706
2698579516_1.jpg
1071 402 2528 1880
2699025198_1.jpg
482 454 914 951
2699407428_1.jpg
702 661 1355 1340
2699413804_1.jpg
332 320 653 675
2699413804_2.jpg
453 395 754 812
2699422785_1.jpg
270 245 684 678
269968666_1.jpg
165 319 478 644
2700238522_1.jpg
128 293 527 701
2700468932_1.jpg
525 502 997 1039
2702096048_1.jpg
148 61 497 424
2702543812_1.jpg
427 321 871 812
2702590642_1.jpg
381 471 1060 1214
2702798273_1.jpg
217 456 840 1036
2702954419_1.jpg
877 359 1988 1335
2705102720_1.jpg
74 183 853 933
2705557901_1.jpg
669 654 1370 1422
2706372454_1.jpg
687 654 1301 1355
2706382376_1.jpg
453 413 908 879
2706940948_1.jpg
532 52 1208 815
2706973001_1.jpg
968 510 2412 1953
2707641297_1.jpg
776 879 1649 1790
2707642369_1.jpg
802 900 1703 1826
2707642783_1.jpg
895 870 1790 1792
2707644111_1.jpg
828 1112 1979 2242
2707644515_1.jpg
741 1066 1799 2039
2708459570_1.jpg
741 920 1609 1741
2708460596_1.jpg
641 1027 1921 2192
2708694408_1.jpg
364 530 849 989
2708694408_2.jpg
380 368 743 749
2708694408_3.jpg
379 367 735 740
2710033361_1.jpg
817 541 1447 1388
2710860682_1.jpg
1270 418 2359 1875
2711278583_1.jpg
610 620 1736 1635
2711926644_1.jpg
502 239 1168 908
271207560_1.jpg
424 415 803 819
271207626_1.jpg
279 357 635 713
271207685_1.jpg
389 212 870 691
271207741_1.jpg
320 380 698 742
271580597_1.jpg
452 578 1038 1168
2716434131_1.jpg
379 342 652 703
2716694520_1.jpg
190 203 451 485
2717658327_1.jpg
275 216 607 542
2719309278_1.jpg
529 493 1139 1233
2719463843_1.jpg
737 1012 1703 1905
2719464221_1.jpg
550 966 1819 2029
2719464361_1.jpg
703 1070 1781 2045
2719467991_1.jpg
779 857 1660 1730
2719469475_1.jpg
524 1116 1658 2109
2719469639_1.jpg
504 969 1872 2085
2719469801_1.jpg
675 990 1896 2036
2719470487_1.jpg
735 1107 1778 2019
2719472207_1.jpg
705 964 1932 2080
2719473317_1.jpg
620 967 1898 2204
2719473671_1.jpg
883 832 1746 1653
2719524583_1.jpg
748 758 1482 1478
2720293102_1.jpg
847 1049 1862 1975
2720295826_1.jpg
724 874 1590 1774
2720296828_1.jpg
796 1082 1839 2112
2720297592_1.jpg
766 1091 1886 2112
2720792426_1.jpg
220 259 700 747
2721024227_1.jpg
369 890 1227 1723
2721311052_1.jpg
166 197 472 489
2721527391_1.jpg
948 435 2178 1719
2721866884_1.jpg
348 244 785 691
2722611373_1.jpg
793 449 1699 1376
2722618747_1.jpg
876 1034 1832 1980
2722625419_1.jpg
519 232 1396 1127
2722833286_1.jpg
830 189 1640 1126
2723446042_1.jpg
556 975 1419 1944
2724831350_1.jpg
866 894 1672 1804
2726369211_1.jpg
433 436 853 846
2726369211_2.jpg
446 411 811 806
2726913373_1.jpg
355 44 710 455
2727051707_1.jpg
354 367 697 706
272728945_1.jpg
438 300 873 785
2728400620_1.jpg
261 365 625 722
2733601788_1.jpg
226 227 468 484
2734168604_1.jpg
532 259 1216 1041
273476938_1.jpg
123 425 525 817
2735836218_1.jpg
381 487 773 997
2737646637_1.jpg
935 824 1568 1671
2738187790_1.jpg
201 143 911 851
2738554611_1.jpg
797 601 1639 1453
2738554611_2.jpg
794 856 1633 1704
2738625961_1.jpg
283 123 763 577
2739463536_1.jpg
288 255 686 659
2739463852_1.jpg
301 234 598 534
2740677001_1.jpg
637 727 1340 1441
27409477_1.jpg
252 305 550 611
2741097423_1.jpg
566 371 1276 1108
2741148975_1.jpg
702 513 1321 1263
2741246020_1.jpg
484 485 980 976
2741469993_1.jpg
597 854 1875 2073
2741472043_1.jpg
782 869 1602 1636
2741633807_1.jpg
212 287 594 657
2743458765_1.jpg
315 422 706 813
2743945084_1.jpg
298 368 639 719
2744427984_1.jpg
453 421 1235 1259
2748125978_1.jpg
652 376 2321 1998
2748918408_1.jpg
1247 362 2700 1614
2749039135_1.jpg
427 541 1360 1592
274928922_1.jpg
428 654 1070 1265
274928922_2.jpg
342 716 1024 1325
2750423663_1.jpg
1050 546 2720 2207
275252906_1.jpg
599 478 1226 1125
275326542_1.jpg
499 637 1461 1739
2753825731_1.jpg
622 599 1219 1349
2755672817_1.jpg
324 310 649 637
2755672817_2.jpg
343 326 629 663
2756003523_1.jpg
489 471 965 986
2756841760_1.jpg
440 437 863 863
2756860536_1.jpg
436 461 855 859
2757480328_1.jpg
675 662 1289 1292
2758865686_1.jpg
798 847 1515 1585
2759169934_1.jpg
170 286 528 672
2759204795_1.jpg
264 338 1020 1019
2761037247_1.jpg
210 281 473 572
2761106136_1.jpg
1359 468 2817 2065
2762499751_1.jpg
89 211 393 543
2763403659_1.jpg
575 583 1117 1116
2765583247_1.jpg
241 275 565 635
2766429378_1.jpg
316 1 675 429
2767060777_1.jpg
697 817 1428 1405
2767428524_1.jpg
661 550 1261 1244
276753589_1.jpg
763 680 1309 1432
276823387_1.jpg
386 396 758 782
2772487898_1.jpg
334 403 717 796
2772764524_1.jpg
375 152 767 507
277485584_1.jpg
596 502 1266 1164
2776862669_1.jpg
1321 762 2562 1890
2777541034_1.jpg
237 662 2376 2839
277942089_1.jpg
436 292 1085 870
277967015_1.jpg
141 166 473 524
2780104878_1.jpg
263 101 561 406
2781323593_1.jpg
654 791 1596 1666
2781570272_1.jpg
585 613 1181 1207
2781888246_1.jpg
494 521 961 943
2782094272_1.jpg
589 656 1177 1315
2782810504_1.jpg
309 223 665 561
2783115454_1.jpg
414 443 838 906
2783667002_1.jpg
89 977 1067 1880
2784698988_1.jpg
360 239 849 695
2787024761_1.jpg
354 359 809 868
278735612_1.jpg
303 313 595 595
278735612_2.jpg
329 346 653 646
2788276334_1.jpg
300 296 615 624
2788857428_1.jpg
209 280 466 572
2790641531_1.jpg
426 390 794 816
2790641531_2.jpg
290 356 641 702
2790641531_3.jpg
380 403 764 812
279233131_1.jpg
279 243 593 577
2794843471_1.jpg
300 392 687 781
2794931589_1.jpg
528 490 1036 978
279534306_1.jpg
887 281 1754 1431
2799715245_1.jpg
292 291 577 575
2799926533_1.jpg
374 193 736 579
280005127_1.jpg
562 661 1194 1335
280005282_1.jpg
491 592 1073 1186
280005501_1.jpg
455 524 1009 1088
2801477372_1.jpg
282 527 836 1098
2801512821_1.jpg
559 662 1234 1290
2803552761_1.jpg
392 787 1164 1775
280469750_1.jpg
753 822 1541 1602
280469983_1.jpg
659 948 1616 1925
280470249_1.jpg
694 969 1711 2034
280470418_1.jpg
610 799 1312 1646
2805324803_1.jpg
820 995 1796 1851
2805325465_1.jpg
766 1025 1793 1955
2805684771_1.jpg
369 260 741 628
2806176050_1.jpg
776 1029 1754 2084
2806176202_1.jpg
656 1005 1746 1966
2806176632_1.jpg
712 1067 1757 2106
2806896395_1.jpg
1201 613 2446 2068
2807842663_1.jpg
315 405 1277 1305
2807859203_1.jpg
539 606 1095 1109
2807861653_1.jpg
449 538 936 1021
2807886461_1.jpg
586 1490 1978 2862
2808715486_1.jpg
930 476 2058 1607
2808726134_1.jpg
1015 982 2027 2074
2809056479_1.jpg
275 306 706 804
2809588534_1.jpg
847 1109 1894 2138
2810599755_1.jpg
1171 405 2116 1575
2810719929_1.jpg
371 1007 1312 1894
2810940241_1.jpg
125 154 444 493
2813805354_1.jpg
193 155 470 428
2813933393_1.jpg
140 217 497 597
2815337739_1.jpg
271 110 831 702
2815405614_1.jpg
288 131 629 483
2815981843_1.jpg
627 500 1271 1125
2815981843_2.jpg
568 699 1272 1381
2816017219_1.jpg
1063 530 2116 1580
2816846040_1.jpg
905 971 1870 1963
2816884634_1.jpg
500 477 942 975
2816911718_1.jpg
635 657 1306 1334
2817580682_1.jpg
964 834 1890 1763
2818507235_1.jpg
586 682 2616 2535
2821337875_1.jpg
312 322 607 688
2822983493_1.jpg
373 368 733 729
2822983493_2.jpg
326 328 646 638
2822983493_3.jpg
315 292 614 602
2823021392_1.jpg
615 801 1472 1825
2823022939_1.jpg
512 533 1017 1062
2824129532_1.jpg
993 937 1886 2009
2826061016_1.jpg
470 918 1390 1797
2826219311_1.jpg
973 979 1960 1925
2826239873_1.jpg
849 831 1651 1698
2826630295_1.jpg
332 328 659 634
2826630965_1.jpg
321 295 603 573
2826953443_1.jpg
362 1110 2176 2895
2828057266_1.jpg
765 766 1501 1517
2828699255_1.jpg
69 407 968 1256
2830068322_1.jpg
603 407 1104 1026
2830081484_1.jpg
1064 612 1917 1693
2830279146_1.jpg
487 184 1196 974
2831214703_1.jpg
359 448 786 881
2831234659_1.jpg
523 523 1028 1026
2831234659_2.jpg
539 532 1057 1060
2831964442_1.jpg
326 197 737 614
2832087247_1.jpg
567 550 1097 1115
2832087247_2.jpg
478 429 850 898
2832573490_1.jpg
471 605 1166 1336
2833382427_1.jpg
563 308 1206 971
2833753426_1.jpg
330 315 619 630
2833753426_2.jpg
326 298 622 634
2834344907_1.jpg
846 865 1694 1704
2836527486_1.jpg
193 155 469 427
2837076619_1.jpg
523 436 2702 2694
2837874919_1.jpg
287 233 561 507
2837939503_1.jpg
277 311 568 590
2837948229_1.jpg
378 409 768 789
2838782176_1.jpg
361 281 715 644
2838782582_1.jpg
307 87 670 462
283895953_1.jpg
395 224 742 624
2839127417_1.jpg
301 321 613 635
2839174741_1.jpg
278 284 566 567
2840009780_1.jpg
288 278 571 559
2842060169_1.jpg
380 127 746 507
2842543891_1.jpg
341 394 690 782
2842853546_1.jpg
338 346 678 679
2843934111_1.jpg
1073 1237 2248 2495
284499652_1.jpg
992 547 1820 1515
2847910753_1.jpg
202 463 704 994
2848544488_1.jpg
455 303 872 753
2848964141_1.jpg
262 199 537 476
2849785904_1.jpg
244 294 514 581
2849854366_1.jpg
395 50 800 504
2850227095_1.jpg
901 1055 1894 2036
2850228639_1.jpg
885 999 1918 1999
2850359046_1.jpg
309 212 734 592
2851029498_1.jpg
713 1023 1786 2062
2851040724_1.jpg
650 1201 1800 2321
2851042664_1.jpg
676 1006 1842 2045
2851045896_1.jpg
786 919 1682 1814
2851148894_1.jpg
312 422 740 856
2852014535_1.jpg
143 158 404 440
2853173185_1.jpg
193 328 505 652
2853185850_1.jpg
344 335 671 677
2853873126_1.jpg
275 290 563 588
2854289847_1.jpg
970 585 2211 1711
2857823310_1.jpg
427 444 825 824
2857823310_2.jpg
451 458 880 878
2858826857_1.jpg
719 1065 1760 2031
2858827135_1.jpg
790 1086 1792 1991
2859531900_1.jpg
794 467 1871 1455
2861015002_1.jpg
201 347 524 663
2861845083_1.jpg
744 784 1451 1410
2861948045_1.jpg
707 1024 1690 1904
2861948517_1.jpg
836 1009 1788 1873
2862378871_1.jpg
288 289 567 568
2862779132_1.jpg
789 1048 1762 1986
2862780316_1.jpg
823 1056 1839 2008
2863358045_1.jpg
902 841 1700 1743
2863670139_1.jpg
801 564 1593 1361
2864260911_1.jpg
978 1410 2312 2874
2864812753_1.jpg
639 616 1267 1265
2864812753_2.jpg
703 513 1368 1172
2864905534_1.jpg
1376 384 2887 2030
2865881929_1.jpg
560 523 1059 1094
2865980402_1.jpg
535 554 1020 1014
2867434117_1.jpg
293 333 782 902
2867659261_1.jpg
714 968 1825 2034
2868155068_1.jpg
501 459 991 984
2868566775_1.jpg
207 298 499 605
2869128864_1.jpg
456 313 914 767
2869939639_1.jpg
462 443 866 889
2869939639_2.jpg
531 547 1058 1077
2869939639_3.jpg
442 451 883 877
2871609349_1.jpg
403 123 787 535
2872584528_1.jpg
166 242 502 634
2875351769_1.jpg
358 572 914 1138
2876086461_1.jpg
246 291 553 622
2876269569_1.jpg
570 808 1854 2121
2876276251_1.jpg
475 702 1925 2108
2876286822_1.jpg
879 450 1720 1420
2876924522_1.jpg
196 277 484 578
2877095014_1.jpg
609 781 1866 2039
2877384571_1.jpg
1089 727 2514 2190
2877388805_1.jpg
778 757 1507 1543
2879006749_1.jpg
145 256 482 603
2879155528_1.jpg
319 322 642 641
2879155528_2.jpg
291 287 584 585
2879451526_1.jpg
382 331 881 869
2879485750_1.jpg
292 278 680 671
2879550020_1.jpg
716 839 1623 1823
2879755333_1.jpg
826 431 1652 1256
2880878213_1.jpg
360 354 704 701
288094234_1.jpg
579 674 1815 1751
2882149940_1.jpg
529 544 1019 1012
2882152573_1.jpg
699 723 1411 1452
2882152593_1.jpg
928 460 2136 1681
2882152659_1.jpg
360 365 721 738
2882168825_1.jpg
340 489 769 923
288343911_1.jpg
610 696 1299 1400
288343911_2.jpg
693 688 1368 1366
288344083_1.jpg
702 445 1387 1144
288344083_2.jpg
667 679 1322 1346
288344083_3.jpg
575 570 1147 1147
288346752_1.jpg
906 677 2099 1896
2887911765_1.jpg
404 351 713 771
2889009039_1.jpg
281 317 616 656
2890129701_1.jpg
189 126 743 669
289029016_1.jpg
269 354 601 709
2890964494_1.jpg
89 21 670 621
2891259033_1.jpg
191 230 506 556
2891449285_1.jpg
416 424 818 826
2893839207_1.jpg
144 244 447 583
2894694074_1.jpg
370 187 808 653
2895317691_1.jpg
162 179 524 635
2896253715_1.jpg
506 507 1002 1012
2898256824_1.jpg
315 877 1027 1651
2898288466_1.jpg
89 202 467 575
2898498038_1.jpg
390 374 767 770
2898498038_2.jpg
391 367 764 757
2898498038_3.jpg
346 324 690 699
2899042869_1.jpg
385 67 857 556
290160311_1.jpg
328 210 662 562
2904389281_1.jpg
172 284 467 603
2906597545_1.jpg
704 969 1740 2068
2906680022_1.jpg
344 326 677 676
2908244346_1.jpg
239 788 1490 1977
2908549_1.jpg
276 74 553 371
2911244712_1.jpg
211 50 483 304
2912595996_1.jpg
186 94 580 512
291331356_1.jpg
301 157 630 507
2914754366_1.jpg
722 1054 1797 2048
291541184_1.jpg
25 110 325 406
2915550024_1.jpg
416 401 819 828
2917514517_1.jpg
537 905 1589 2099
2917878894_1.jpg
653 604 1203 1218
291888779_1.jpg
156 108 564 565
2919219678_1.jpg
197 268 609 660
292071013_1.jpg
1084 1024 2102 2119
2920710678_1.jpg
194 323 709 795
292114712_1.jpg
333 430 820 913
2921334922_1.jpg
553 199 1443 1349
2921334924_1.jpg
846 346 1434 1121
2921334928_1.jpg
645 214 1100 816
2921367538_1.jpg
683 684 1335 1354
2921367538_2.jpg
649 562 1083 1180
2921367780_2.jpg
603 533 1050 1144
2921368012_2.jpg
705 499 1187 1109
2921368242_1.jpg
660 589 1119 1217
2921821351_1.jpg
217 248 683 776
2922728404_1.jpg
183 389 718 1108
2923854121_1.jpg
218 404 1005 1234
2924895893_1.jpg
336 212 672 528
2925378694_1.jpg
329 525 847 1048
2925420542_1.jpg
551 531 1107 1091
2926246380_1.jpg
198 332 507 630
2927565564_1.jpg
368 497 853 963
2931219937_1.jpg
373 24 742 485
2932055669_1.jpg
752 467 1895 1831
293279342_1.jpg
539 600 1073 1218
2933512856_1.jpg
307 312 612 613
2934075713_1.jpg
39 231 576 770
2934932210_1.jpg
106 164 576 613
2935679960_1.jpg
166 609 886 1133
2936371006_1.jpg
759 1140 1861 2279
2936371718_1.jpg
843 841 1648 1676
2936372160_1.jpg
802 755 1559 1561
2937757570_1.jpg
26 1121 2185 3273
2938251541_1.jpg
361 142 713 510
2938258611_1.jpg
305 165 582 469
2938393693_1.jpg
200 184 585 559
2939104600_1.jpg
334 143 743 550
2939107478_1.jpg
373 86 925 563
2939119284_1.jpg
363 230 707 530
2939528463_1.jpg
448 25 915 520
2939530219_1.jpg
636 1317 1888 2502
2939732721_1.jpg
692 731 2211 2630
2940585434_1.jpg
912 998 1803 2154
2940587892_1.jpg
928 911 2322 2729
2941961941_1.jpg
468 431 2546 2583
2942017513_1.jpg
38 358 359 648
2942506445_1.jpg
598 591 1166 1169
2942906283_1.jpg
465 540 967 939
2943357054_1.jpg
678 654 1353 1345
2943360326_1.jpg
314 310 614 629
2943361594_1.jpg
430 430 847 836
2943363160_1.jpg
978 411 2027 1401
2944315612_1.jpg
515 196 1424 1164
2945207608_1.jpg
743 1111 1835 2105
2945212488_1.jpg
147 279 621 694
2945298787_1.jpg
392 503 861 1012
2945298787_2.jpg
469 465 926 916
2945300917_1.jpg
845 931 1685 1911
2945302269_1.jpg
869 923 1727 1918
2947090433_1.jpg
229 320 545 613
2947222498_1.jpg
763 804 1560 1578
2948551782_1.jpg
789 1061 1839 2068
2948663357_1.jpg
187 250 507 568
294910692_1.jpg
459 400 809 864
294910698_1.jpg
703 1413 1677 2893
2950198886_1.jpg
202 504 684 1009
2950368779_1.jpg
236 46 617 375
2950978886_1.jpg
259 65 690 503
2952691495_1.jpg
801 793 1591 1613
2952986052_1.jpg
368 380 733 730
2953542090_1.jpg
851 908 1764 1822
2954583227_1.jpg
792 803 1584 1592
2957223413_1.jpg
318 322 632 638
2957223541_1.jpg
648 619 1206 1240
2957247402_1.jpg
314 185 625 480
2957533922_1.jpg
406 1251 1545 2358
2958065492_1.jpg
960 966 1883 1886
2958560071_1.jpg
487 452 956 969
2958855782_1.jpg
811 802 1603 1609
2959228565_1.jpg
278 267 516 568
295960450_1.jpg
453 214 1030 909
2960256451_1.jpg
173 272 531 690
2962206738_1.jpg
287 153 618 470
2962437091_1.jpg
314 367 627 654
2962805676_2.jpg
371 372 738 731
2962805676_3.jpg
283 268 545 555
2964968233_1.jpg
584 585 1169 1179
2965035072_1.jpg
341 142 764 533
2966782955_1.jpg
799 924 1712 1842
2966783423_1.jpg
688 1027 1792 1968
296814969_1.jpg
339 361 683 718
296814969_2.jpg
317 332 650 645
